0 0.8140625 0.0203125 0.115625 0.040625
0 0.5640625 0.0171875 0.053125 0.034375
0 0.6359375 0.08203125 0.078125 0.1078125
0 0.26953125 0.11484375 0.0546875 0.0859375
0 0.81484375 0.1390625 0.0671875 0.121875
0 0.35703125 0.14765625 0.0546875 0.0828125
0 0.14453125 0.18984375 0.0890625 0.0671875
0 0.2890625 0.2015625 0.0625 0.05625
0 0.6578125 0.2046875 0.025 0.053125
0 0.6515625 0.271875 0.046875 0.05625
0 0.403125 0.42578125 0.071875 0.0671875
0 0.22421875 0.45390625 0.0453125 0.0515625
0 0.67265625 0.475 0.0640625 0.075
0 0.225 0.53359375 0.059375 0.0703125
0 0.6390625 0.5578125 0.06875 0.071875
0 0.47265625 0.559375 0.0734375 0.1
0 0.04453125 0.5765625 0.0453125 0.078125
0 0.11484375 0.6921875 0.0640625 0.08125
0 0.1703125 0.76328125 0.040625 0.0421875
0 0.23125 0.80078125 0.03125 0.0328125
0 0.38046875 0.840625 0.0453125 0.0625
0 0.45546875 0.98828125 0.0828125 0.0234375
0 0.896875 0.9765625 0.078125 0.046875