0 0.0296875 0.18671875 0.059375 0.0796875
0 0.01875 0.43671875 0.0375 0.0421875
0 0.08125 0.36328125 0.09375 0.0921875
0 0.11484375 0.73046875 0.0703125 0.0703125
0 0.1390625 0.18515625 0.09375 0.0953125
0 0.146875 0.64375 0.06875 0.06875
0 0.1890625 0.85546875 0.065625 0.0890625
0 0.2015625 0.7109375 0.059375 0.059375
0 0.2046875 0.3421875 0.040625 0.040625
0 0.27109375 0.3484375 0.0515625 0.053125
0 0.425 0.596875 0.06875 0.06875
0 0.453125 0.77578125 0.05 0.0453125
0 0.475 0.328125 0.06875 0.06875
0 0.53359375 0.77578125 0.0640625 0.0640625
0 0.5578125 0.3609375 0.071875 0.06875
0 0.559375 0.52734375 0.0875 0.0859375
0 0.5765625 0.95625 0.078125 0.04375
0 0.6921875 0.88515625 0.071875 0.0734375
0 0.76328125 0.83046875 0.0421875 0.0421875
0 0.80078125 0.76875 0.0328125 0.03125
0 0.840625 0.61953125 0.0625 0.0453125
0 0.98828125 0.54453125 0.0234375 0.0828125
0 0.97265625 0.103125 0.0546875 0.0625