0 0.81328125 0.0296875 0.0796875 0.059375
0 0.56328125 0.01875 0.0421875 0.0375
0 0.63671875 0.08125 0.0921875 0.09375
0 0.26953125 0.11484375 0.0703125 0.0703125
0 0.81484375 0.1390625 0.0953125 0.09375
0 0.35625 0.146875 0.06875 0.06875
0 0.14453125 0.1890625 0.0890625 0.065625
0 0.2890625 0.2015625 0.059375 0.059375
0 0.6578125 0.2046875 0.040625 0.040625
0 0.6515625 0.27109375 0.053125 0.0515625
0 0.403125 0.425 0.06875 0.06875
0 0.22421875 0.453125 0.0453125 0.05
0 0.671875 0.475 0.06875 0.06875
0 0.22421875 0.53359375 0.0640625 0.0640625
0 0.6390625 0.5578125 0.06875 0.071875
0 0.47265625 0.559375 0.0859375 0.0875
0 0.04375 0.5765625 0.04375 0.078125
0 0.11484375 0.6921875 0.0734375 0.071875
0 0.16953125 0.76328125 0.0421875 0.0421875
0 0.23125 0.80078125 0.03125 0.0328125
0 0.38046875 0.840625 0.0453125 0.0625
0 0.45546875 0.98828125 0.0828125 0.0234375
0 0.896875 0.97265625 0.0625 0.0546875