0 0.9796875 0.8140625 0.040625 0.115625
0 0.9828125 0.5640625 0.034375 0.053125
0 0.91796875 0.6359375 0.1078125 0.078125
0 0.88515625 0.26953125 0.0859375 0.0546875
0 0.8609375 0.81484375 0.121875 0.0671875
0 0.85234375 0.35703125 0.0828125 0.0546875
0 0.81015625 0.14453125 0.0671875 0.0890625
0 0.7984375 0.2890625 0.05625 0.0625
0 0.7953125 0.6578125 0.053125 0.025
0 0.728125 0.6515625 0.05625 0.046875
0 0.57421875 0.403125 0.0671875 0.071875
0 0.54609375 0.22421875 0.0515625 0.0453125
0 0.525 0.67265625 0.075 0.0640625
0 0.46640625 0.225 0.0703125 0.059375
0 0.4421875 0.6390625 0.071875 0.06875
0 0.440625 0.47265625 0.1 0.0734375
0 0.4234375 0.04453125 0.078125 0.0453125
0 0.3078125 0.11484375 0.08125 0.0640625
0 0.23671875 0.1703125 0.0421875 0.040625
0 0.19921875 0.23125 0.0328125 0.03125
0 0.159375 0.38046875 0.0625 0.0453125
0 0.01171875 0.45546875 0.0234375 0.0828125
0 0.0234375 0.896875 0.046875 0.078125