0 0.6609375 0.0921875 0.06875 0.06875
0 0.55546875 0.1984375 0.0609375 0.065625
0 0.44375 0.2140625 0.075 0.075
0 0.828125 0.2421875 0.084375 0.084375
0 0.346875 0.2546875 0.078125 0.075
0 0.64453125 0.2796875 0.0484375 0.046875
0 0.98046875 0.2828125 0.0390625 0.065625
0 0.0484375 0.365625 0.0875 0.090625
0 0.3390625 0.4328125 0.06875 0.075
0 0.56875 0.5140625 0.053125 0.059375
0 0.709375 0.575 0.0875 0.078125
0 0.34375 0.6109375 0.075 0.071875
0 0.5734375 0.659375 0.103125 0.08125
0 0.02734375 0.8703125 0.0546875 0.065625