0 0.0890625 0.340625 0.075 0.0625
0 0.1953125 0.44453125 0.065625 0.0609375
0 0.2109375 0.55625 0.075 0.075
0 0.2390625 0.171875 0.084375 0.084375
0 0.2515625 0.653125 0.075 0.078125
0 0.2765625 0.35703125 0.046875 0.0484375
0 0.2796875 0.01953125 0.065625 0.0390625
0 0.3625 0.9515625 0.090625 0.0875
0 0.4296875 0.6625 0.071875 0.071875
0 0.5109375 0.4328125 0.05625 0.05625
0 0.5734375 0.2921875 0.08125 0.08125
0 0.6078125 0.65625 0.071875 0.075
0 0.65625 0.4265625 0.090625 0.090625
0 0.8671875 0.97265625 0.065625 0.0546875