0 0.65625 0.09296875 0.0625 0.0734375
0 0.55234375 0.19765625 0.0609375 0.0640625
0 0.440625 0.21328125 0.075 0.0734375
0 0.82265625 0.24140625 0.0828125 0.0828125
0 0.3453125 0.2546875 0.078125 0.075
0 0.63984375 0.2796875 0.0484375 0.046875
0 0.97734375 0.2828125 0.0453125 0.065625
0 0.0484375 0.36484375 0.0875 0.0890625
0 0.3359375 0.43125 0.071875 0.071875
0 0.5640625 0.5125 0.05625 0.05625
0 0.70390625 0.5734375 0.0796875 0.08125
0 0.34140625 0.6078125 0.0734375 0.071875
0 0.5703125 0.65703125 0.090625 0.0890625
0 0.02734375 0.865625 0.0546875 0.065625