0 0.0890625 0.3421875 0.075 0.0625
0 0.19453125 0.446875 0.0578125 0.06875
0 0.2109375 0.5578125 0.08125 0.065625
0 0.2390625 0.1734375 0.08125 0.0875
0 0.2515625 0.6546875 0.075 0.078125
0 0.2765625 0.35859375 0.046875 0.0484375
0 0.28125 0.009375 0.109375 0.01875
0 0.36171875 0.95234375 0.0796875 0.0953125
0 0.4296875 0.6640625 0.078125 0.06875
0 0.5109375 0.434375 0.059375 0.053125
0 0.571875 0.29375 0.078125 0.0875
0 0.6078125 0.6578125 0.075 0.071875
0 0.65625 0.428125 0.08125 0.103125
0 0.8671875 0.97734375 0.084375 0.0453125