0 0.65625 0.09296875 0.0625 0.0734375
0 0.55234375 0.19765625 0.0671875 0.0578125
0 0.440625 0.2140625 0.065625 0.08125
0 0.82265625 0.24140625 0.0859375 0.0796875
0 0.3453125 0.2546875 0.078125 0.075
0 0.63984375 0.2796875 0.0484375 0.046875
0 0.98828125 0.28359375 0.0234375 0.1078125
0 0.0484375 0.36484375 0.096875 0.0796875
0 0.3359375 0.43203125 0.06875 0.0765625
0 0.5640625 0.5125 0.053125 0.059375
0 0.70390625 0.57265625 0.0859375 0.0765625
0 0.34140625 0.6078125 0.0703125 0.075
0 0.56953125 0.65703125 0.1015625 0.0796875
0 0.0234375 0.86640625 0.046875 0.0828125