0 0.03984375 0.9375 0.0390625 0.040625
0 0.0578125 0.5203125 0.046875 0.04375
0 0.06640625 0.11484375 0.0609375 0.0609375
0 0.1515625 0.1609375 0.059375 0.059375
0 0.24140625 0.53828125 0.0234375 0.0234375
0 0.2578125 0.93828125 0.046875 0.0609375
0 0.2703125 0.4046875 0.065625 0.065625
0 0.2921875 0.1046875 0.065625 0.075
0 0.29453125 0.54296875 0.0203125 0.0234375
0 0.30234375 0.659375 0.0296875 0.028125
0 0.340625 0.571875 0.05625 0.05625
0 0.3703125 0.3609375 0.06875 0.06875
0 0.38125 0.16875 0.071875 0.071875
0 0.41875 0.08203125 0.025 0.0265625
0 0.4484375 0.67578125 0.071875 0.0484375
0 0.453125 0.31640625 0.021875 0.0234375
0 0.453125 0.10078125 0.028125 0.0296875
0 0.4859375 0.26875 0.03125 0.03125
0 0.5453125 0.440625 0.06875 0.06875
0 0.5453125 0.0984375 0.15 0.15
0 0.57734375 0.76796875 0.0265625 0.0265625
0 0.615625 0.5828125 0.078125 0.071875
0 0.634375 0.8578125 0.071875 0.071875
0 0.65625 0.7828125 0.034375 0.01875
0 0.6796875 0.38671875 0.028125 0.0265625
0 0.6921875 0.4703125 0.025 0.028125
0 0.703125 0.77265625 0.025 0.0234375
0 0.7078125 0.1921875 0.071875 0.06875
0 0.7125 0.6640625 0.046875 0.0375
0 0.73046875 0.4046875 0.0546875 0.053125
0 0.77578125 0.6 0.0390625 0.040625
0 0.78125 0.71875 0.103125 0.10625
0 0.82265625 0.5421875 0.0484375 0.05
0 0.8578125 0.26796875 0.046875 0.0484375
0 0.8796875 0.46875 0.065625 0.078125
0 0.971875 0.853125 0.05625 0.075