0 0.04140625 0.9328125 0.0390625 0.040625
0 0.059375 0.51875 0.046875 0.04375
0 0.0671875 0.11484375 0.05625 0.0640625
0 0.15234375 0.1609375 0.0609375 0.05625
0 0.2421875 0.53671875 0.025 0.0203125
0 0.2578125 0.93359375 0.046875 0.0609375
0 0.26953125 0.403125 0.0484375 0.078125
0 0.29296875 0.10546875 0.0671875 0.0734375
0 0.29453125 0.54140625 0.0234375 0.0203125
0 0.30234375 0.65625 0.0296875 0.028125
0 0.3390625 0.56875 0.05625 0.05625
0 0.3703125 0.36015625 0.05625 0.0765625
0 0.38046875 0.16953125 0.0765625 0.0640625
0 0.4171875 0.0828125 0.034375 0.01875
0 0.44609375 0.67265625 0.0703125 0.0484375
0 0.4515625 0.3140625 0.028125 0.01875
0 0.4515625 0.10078125 0.028125 0.0296875
0 0.484375 0.26875 0.0375 0.025
0 0.54296875 0.43828125 0.0796875 0.0578125
0 0.54375 0.0984375 0.1125 0.1875
0 0.57421875 0.76484375 0.0296875 0.0234375
0 0.6125 0.57890625 0.078125 0.0734375
0 0.63125 0.853125 0.071875 0.06875
0 0.653125 0.7796875 0.034375 0.01875
0 0.6765625 0.38515625 0.028125 0.0265625
0 0.6890625 0.46875 0.025 0.028125
0 0.7 0.7703125 0.028125 0.01875
0 0.7046875 0.1921875 0.06875 0.071875
0 0.709375 0.6609375 0.046875 0.0375
0 0.72734375 0.403125 0.0515625 0.05625
0 0.7734375 0.596875 0.040625 0.0375
0 0.77734375 0.71484375 0.0859375 0.1203125
0 0.81796875 0.54140625 0.0546875 0.0453125
0 0.853125 0.26796875 0.04375 0.0515625
0 0.875 0.4671875 0.065625 0.078125
0 0.97734375 0.8484375 0.0453125 0.103125