0 0.96015625 0.06875 0.0390625 0.040625
0 0.9421875 0.484375 0.046875 0.04375
0 0.934375 0.890625 0.05625 0.065625
0 0.85 0.8453125 0.059375 0.05625
0 0.75859375 0.46640625 0.0234375 0.0234375
0 0.74296875 0.06796875 0.0546875 0.0546875
0 0.73125 0.6 0.065625 0.065625
0 0.7078125 0.9 0.071875 0.071875
0 0.70546875 0.46171875 0.0234375 0.0203125
0 0.69765625 0.346875 0.0296875 0.028125
0 0.6609375 0.434375 0.05625 0.05625
0 0.6296875 0.64375 0.05625 0.078125
0 0.61875 0.8359375 0.071875 0.071875
0 0.5828125 0.92421875 0.025 0.0265625
0 0.553125 0.33046875 0.071875 0.0484375
0 0.546875 0.68984375 0.021875 0.0234375
0 0.546875 0.90546875 0.028125 0.0296875
0 0.5140625 0.7359375 0.0375 0.025
0 0.45625 0.56640625 0.08125 0.0578125
0 0.4546875 0.9078125 0.15 0.15
0 0.42421875 0.2359375 0.0296875 0.025
0 0.3859375 0.4234375 0.078125 0.071875
0 0.365625 0.146875 0.071875 0.071875
0 0.3453125 0.221875 0.034375 0.01875
0 0.321875 0.61953125 0.028125 0.0265625
0 0.30703125 0.53359375 0.0265625 0.0265625
0 0.296875 0.23203125 0.025 0.0234375
0 0.2921875 0.8140625 0.071875 0.06875
0 0.28671875 0.3421875 0.0421875 0.04375
0 0.26953125 0.6015625 0.0515625 0.05625
0 0.2234375 0.40625 0.040625 0.0375
0 0.2203125 0.2875 0.103125 0.10625
0 0.17890625 0.46171875 0.0546875 0.0453125
0 0.14375 0.73671875 0.046875 0.0484375
0 0.121875 0.5359375 0.065625 0.078125
0 0.028125 0.1515625 0.05625 0.075