0 0.0671875 0.04140625 0.040625 0.0390625
0 0.48125 0.059375 0.04375 0.046875
0 0.88515625 0.0671875 0.0640625 0.05625
0 0.8390625 0.1515625 0.05625 0.059375
0 0.46328125 0.24140625 0.0234375 0.0234375
0 0.06640625 0.25703125 0.0546875 0.0546875
0 0.59609375 0.26953125 0.0640625 0.0640625
0 0.89453125 0.29296875 0.0703125 0.0703125
0 0.45859375 0.29453125 0.0203125 0.0234375
0 0.34375 0.30234375 0.028125 0.0296875
0 0.43125 0.3390625 0.05625 0.05625
0 0.63984375 0.3703125 0.0765625 0.05625
0 0.83046875 0.38046875 0.0703125 0.0703125
0 0.91796875 0.4171875 0.0265625 0.025
0 0.32734375 0.44609375 0.0484375 0.0703125
0 0.68515625 0.4515625 0.0234375 0.021875
0 0.89921875 0.4515625 0.0296875 0.028125
0 0.73125 0.484375 0.025 0.0375
0 0.56171875 0.54296875 0.0578125 0.0796875
0 0.9015625 0.54375 0.15 0.15
0 0.234375 0.57421875 0.025 0.0296875
0 0.4203125 0.6125 0.071875 0.078125
0 0.14609375 0.63203125 0.0703125 0.0703125
0 0.2203125 0.653125 0.01875 0.034375
0 0.61484375 0.6765625 0.0265625 0.028125
0 0.53046875 0.68984375 0.0265625 0.0265625
0 0.23046875 0.7 0.0234375 0.025
0 0.8078125 0.7046875 0.06875 0.071875
0 0.3390625 0.71015625 0.04375 0.0421875
0 0.596875 0.72734375 0.05625 0.0515625
0 0.403125 0.7734375 0.0375 0.040625
0 0.28515625 0.77734375 0.1046875 0.1015625
0 0.45859375 0.81796875 0.0453125 0.0546875
0 0.73203125 0.853125 0.0484375 0.046875
0 0.5328125 0.875 0.078125 0.065625
0 0.15078125 0.96953125 0.0734375 0.0609375