0 0.040625 0.44921875 0.059375 0.0578125
0 0.18828125 0.60859375 0.0453125 0.0453125
0 0.2453125 0.5203125 0.05 0.05
0 0.24921875 0.73046875 0.0546875 0.0546875
0 0.30546875 0.06171875 0.1453125 0.1234375
0 0.33125 0.565625 0.05625 0.05625
0 0.35390625 0.225 0.0515625 0.053125
0 0.53359375 0.4140625 0.0609375 0.053125
0 0.61875 0.5296875 0.05625 0.071875
0 0.6515625 0.0421875 0.065625 0.065625
0 0.6984375 0.3203125 0.071875 0.065625
0 0.715625 0.646875 0.046875 0.065625
0 0.753125 0.2609375 0.0875 0.084375
0 0.76875 0.83203125 0.071875 0.0421875
0 0.79375 0.9765625 0.125 0.046875
0 0.98984375 0.8390625 0.0203125 0.1375