0 0.95625 0.54765625 0.059375 0.0578125
0 0.81015625 0.38984375 0.0453125 0.0453125
0 0.753125 0.4765625 0.05 0.05
0 0.74921875 0.26796875 0.0546875 0.0546875
0 0.6921875 0.9359375 0.14375 0.128125
0 0.66875 0.4328125 0.05625 0.05625
0 0.64609375 0.7703125 0.0515625 0.053125
0 0.46640625 0.5828125 0.0609375 0.053125
0 0.3828125 0.4671875 0.05625 0.071875
0 0.34921875 0.95234375 0.0640625 0.0640625
0 0.303125 0.6765625 0.071875 0.065625
0 0.2859375 0.3515625 0.046875 0.065625
0 0.24921875 0.734375 0.0859375 0.084375
0 0.2328125 0.16796875 0.071875 0.0421875
0 0.2078125 0.0234375 0.125 0.046875
0 0.01171875 0.1609375 0.0234375 0.1375