0 0.95625 0.54765625 0.059375 0.0578125
0 0.809375 0.38984375 0.05625 0.0359375
0 0.753125 0.4765625 0.05 0.05
0 0.7484375 0.26796875 0.05625 0.0515625
0 0.69140625 0.94375 0.1734375 0.1125
0 0.66875 0.4328125 0.05625 0.05625
0 0.64609375 0.7703125 0.0515625 0.053125
0 0.46640625 0.5828125 0.0578125 0.05625
0 0.38203125 0.4671875 0.0640625 0.0625
0 0.34921875 0.95234375 0.0640625 0.0640625
0 0.303125 0.6765625 0.06875 0.06875
0 0.2859375 0.3515625 0.05625 0.05625
0 0.24921875 0.734375 0.0953125 0.075
0 0.2328125 0.16796875 0.071875 0.0421875
0 0.20859375 0.0328125 0.0859375 0.065625
0 0.0265625 0.16015625 0.053125 0.0796875