0 0.54765625 0.04375 0.0515625 0.065625
0 0.38984375 0.190625 0.0359375 0.05625
0 0.4765625 0.246875 0.053125 0.046875
0 0.26796875 0.2515625 0.0515625 0.05625
0 0.94375 0.30859375 0.1125 0.1734375
0 0.43359375 0.33125 0.0640625 0.046875
0 0.7703125 0.3546875 0.046875 0.05625
0 0.5828125 0.53359375 0.053125 0.0609375
0 0.4671875 0.6171875 0.071875 0.05625
0 0.95234375 0.65078125 0.0484375 0.0796875
0 0.67734375 0.696875 0.0640625 0.071875
0 0.35234375 0.7140625 0.0640625 0.046875
0 0.734375 0.75078125 0.075 0.0953125
0 0.16796875 0.7671875 0.0421875 0.071875
0 0.0234375 0.7921875 0.046875 0.125
0 0.1609375 0.98828125 0.1375 0.0234375