0 0.01953125 0.74453125 0.0390625 0.0484375
0 0.090625 0.59765625 0.0875 0.0890625
0 0.09375 0.7546875 0.040625 0.059375
0 0.1515625 0.2984375 0.078125 0.078125
0 0.2015625 0.196875 0.071875 0.05
0 0.20703125 0.01875 0.0421875 0.0375
0 0.26171875 0.7484375 0.0421875 0.040625
0 0.3171875 0.99140625 0.1 0.0171875
0 0.346875 0.453125 0.078125 0.078125
0 0.37734375 0.52578125 0.0359375 0.0328125
0 0.38125 0.05 0.06875 0.08125
0 0.40859375 0.61171875 0.0328125 0.0328125
0 0.47265625 0.91171875 0.0546875 0.0546875
0 0.5859375 0.5953125 0.071875 0.071875
0 0.621875 0.4125 0.065625 0.065625
0 0.94921875 0.0421875 0.0828125 0.084375