0 0.9796875 0.25625 0.040625 0.05625
0 0.9046875 0.40234375 0.08125 0.0921875
0 0.903125 0.2453125 0.040625 0.059375
0 0.8453125 0.6984375 0.0875 0.06875
0 0.7953125 0.8 0.071875 0.05
0 0.78828125 0.9796875 0.0453125 0.040625
0 0.73515625 0.2515625 0.0453125 0.0375
0 0.68125 0.009375 0.1 0.01875
0 0.65078125 0.5453125 0.0703125 0.084375
0 0.62109375 0.47265625 0.0328125 0.0359375
0 0.6171875 0.9453125 0.06875 0.08125
0 0.58984375 0.3890625 0.0390625 0.028125
0 0.525 0.08984375 0.040625 0.0671875
0 0.41328125 0.4046875 0.0640625 0.078125
0 0.3765625 0.58515625 0.08125 0.0484375
0 0.0515625 0.95625 0.08125 0.0875