0 0.25625 0.0203125 0.05625 0.040625
0 0.40234375 0.0953125 0.0921875 0.08125
0 0.2453125 0.096875 0.059375 0.040625
0 0.6984375 0.1546875 0.06875 0.0875
0 0.8 0.2046875 0.05 0.071875
0 0.9796875 0.21171875 0.040625 0.0453125
0 0.2515625 0.26484375 0.0375 0.0453125
0 0.009375 0.31875 0.01875 0.1
0 0.5453125 0.34921875 0.084375 0.0703125
0 0.47265625 0.37890625 0.0359375 0.0328125
0 0.9453125 0.3828125 0.08125 0.06875
0 0.3890625 0.41015625 0.028125 0.0390625
0 0.08984375 0.475 0.0671875 0.040625
0 0.4046875 0.58671875 0.078125 0.0640625
0 0.58515625 0.6234375 0.0484375 0.08125
0 0.95625 0.9484375 0.0875 0.08125