0 0.4234375 0.0109375 0.1 0.021875
0 0.61875 0.1171875 0.065625 0.1
0 0.865625 0.1640625 0.065625 0.040625
0 0.76484375 0.171875 0.0546875 0.059375
0 0.9828125 0.1875 0.034375 0.05
0 0.46875 0.278125 0.078125 0.090625
0 0.696875 0.3625 0.046875 0.071875
0 0.21171875 0.3921875 0.0546875 0.071875
0 0.9875 0.3984375 0.025 0.075
0 0.9375 0.434375 0.053125 0.08125
0 0.62265625 0.4828125 0.0546875 0.075
0 0.44609375 0.5140625 0.0546875 0.046875
0 0.83125 0.5296875 0.065625 0.078125
0 0.9765625 0.5890625 0.046875 0.08125
0 0.3484375 0.63125 0.0875 0.09375
0 0.49375 0.73125 0.084375 0.046875
0 0.459375 0.9421875 0.14375 0.075