0 0.42109375 0.01328125 0.0984375 0.0265625
0 0.6140625 0.12109375 0.08125 0.0828125
0 0.859375 0.16640625 0.053125 0.0515625
0 0.759375 0.175 0.05625 0.059375
0 0.978125 0.18984375 0.04375 0.0453125
0 0.46484375 0.28125 0.0765625 0.090625
0 0.6921875 0.36484375 0.059375 0.0578125
0 0.209375 0.39375 0.05625 0.071875
0 0.97890625 0.4 0.0421875 0.053125
0 0.93125 0.43671875 0.065625 0.0671875
0 0.6171875 0.484375 0.065625 0.0625
0 0.4421875 0.515625 0.05 0.05
0 0.82578125 0.53125 0.0703125 0.071875
0 0.96953125 0.58828125 0.0609375 0.0671875
0 0.3453125 0.63125 0.090625 0.090625
0 0.4890625 0.73125 0.065625 0.065625
0 0.45625 0.940625 0.14375 0.075