0 0.42109375 0.01328125 0.0984375 0.0265625
0 0.6140625 0.12109375 0.065625 0.0984375
0 0.86015625 0.1671875 0.0640625 0.040625
0 0.76015625 0.175 0.0546875 0.059375
0 0.9796875 0.190625 0.040625 0.05
0 0.46484375 0.28125 0.0765625 0.090625
0 0.6921875 0.36484375 0.046875 0.0703125
0 0.21015625 0.39375 0.0546875 0.071875
0 0.984375 0.40078125 0.03125 0.0734375
0 0.93125 0.43671875 0.053125 0.0796875
0 0.61796875 0.484375 0.0546875 0.075
0 0.44296875 0.515625 0.0546875 0.046875
0 0.82578125 0.53125 0.0640625 0.078125
0 0.9734375 0.5890625 0.053125 0.08125
0 0.3453125 0.63125 0.0875 0.09375
0 0.48984375 0.73125 0.0828125 0.046875
0 0.45625 0.940625 0.14375 0.075