0 0.421875 0.02109375 0.0625 0.0421875
0 0.6171875 0.1203125 0.08125 0.084375
0 0.8640625 0.16640625 0.053125 0.0515625
0 0.7625 0.175 0.05625 0.05625
0 0.98046875 0.18984375 0.0390625 0.0453125
0 0.4671875 0.28125 0.078125 0.090625
0 0.6953125 0.365625 0.046875 0.071875
0 0.209375 0.3953125 0.05625 0.071875
0 0.98125 0.4015625 0.0375 0.053125
0 0.9359375 0.4390625 0.065625 0.06875
0 0.6203125 0.4859375 0.065625 0.0625
0 0.44375 0.5171875 0.053125 0.046875
0 0.8296875 0.5328125 0.071875 0.071875
0 0.97578125 0.5921875 0.0484375 0.08125
0 0.346875 0.634375 0.0875 0.09375
0 0.490625 0.734375 0.065625 0.065625
0 0.45703125 0.94453125 0.1109375 0.1109375