0 0.1921875 0.6953125 0.059375 0.059375
0 0.15859375 0.421875 0.0515625 0.040625
0 0.03046875 0.12109375 0.0578125 0.0578125
0 0.0359375 0.63828125 0.05 0.0484375
0 0.52265625 0.53671875 0.0296875 0.0296875
0 0.69453125 0.61953125 0.0515625 0.0515625
0 0.559375 0.47421875 0.028125 0.0234375
0 0.53359375 0.72265625 0.0265625 0.0265625
0 0.79296875 0.946875 0.0609375 0.0625
0 0.9609375 0.81171875 0.05625 0.0734375
0 0.884375 0.69765625 0.05625 0.0546875
0 0.91796875 0.48125 0.0390625 0.0375
0 0.95390625 0.48125 0.0453125 0.04375
0 0.90703125 0.36875 0.0296875 0.03125
0 0.8328125 0.19296875 0.046875 0.0453125
0 0.73046875 0.17421875 0.0453125 0.0453125
0 0.64375 0.13125 0.046875 0.04375
0 0.5828125 0.1453125 0.04375 0.04375