0 0.8078125 0.303125 0.059375 0.059375
0 0.84296875 0.5796875 0.0515625 0.040625
0 0.97109375 0.88203125 0.0578125 0.0578125
0 0.965625 0.36171875 0.05 0.0484375
0 0.47578125 0.46328125 0.0296875 0.0296875
0 0.30234375 0.38046875 0.0515625 0.0515625
0 0.4390625 0.52578125 0.028125 0.0234375
0 0.46484375 0.27578125 0.0265625 0.0265625
0 0.20390625 0.05 0.0609375 0.0625
0 0.034375 0.1859375 0.05625 0.075
0 0.1125 0.30078125 0.05625 0.0546875
0 0.07890625 0.51875 0.0390625 0.0375
0 0.04140625 0.51875 0.0453125 0.04375
0 0.08984375 0.6328125 0.0296875 0.03125
0 0.1640625 0.80859375 0.046875 0.0453125
0 0.26640625 0.82890625 0.0453125 0.0453125
0 0.3546875 0.871875 0.046875 0.04375
0 0.415625 0.8578125 0.04375 0.04375