0 0.19375 0.696875 0.059375 0.059375
0 0.16015625 0.42265625 0.0453125 0.0453125
0 0.03125 0.11953125 0.05625 0.0578125
0 0.0359375 0.63984375 0.05 0.0484375
0 0.52578125 0.53671875 0.0296875 0.0296875
0 0.7 0.6203125 0.065625 0.040625
0 0.5640625 0.47421875 0.025 0.0265625
0 0.53671875 0.7234375 0.0328125 0.01875
0 0.79765625 0.95 0.0609375 0.0625
0 0.96640625 0.81484375 0.0671875 0.0640625
0 0.890625 0.69921875 0.05625 0.0546875
0 0.92421875 0.48125 0.0390625 0.0375
0 0.96015625 0.48203125 0.0328125 0.0546875
0 0.91328125 0.36875 0.0296875 0.03125
0 0.8390625 0.19140625 0.046875 0.0453125
0 0.73515625 0.17265625 0.0453125 0.0453125
0 0.6484375 0.1296875 0.046875 0.04375
0 0.5875 0.14375 0.04375 0.04375