0 0.8078125 0.30546875 0.065625 0.0546875
0 0.84140625 0.578125 0.0515625 0.040625
0 0.96875 0.87890625 0.05625 0.0578125
0 0.9640625 0.36171875 0.053125 0.0453125
0 0.47734375 0.46328125 0.0296875 0.0296875
0 0.30546875 0.38125 0.0640625 0.040625
0 0.440625 0.52578125 0.028125 0.0234375
0 0.46640625 0.278125 0.0328125 0.01875
0 0.20703125 0.053125 0.0546875 0.06875
0 0.0390625 0.18828125 0.05625 0.0734375
0 0.115625 0.30234375 0.05625 0.0546875
0 0.08203125 0.51875 0.0296875 0.046875
0 0.04609375 0.51796875 0.0328125 0.0546875
0 0.09296875 0.63125 0.0296875 0.03125
0 0.1671875 0.80703125 0.0375 0.0546875
0 0.26953125 0.82578125 0.0546875 0.0359375
0 0.35625 0.86953125 0.046875 0.0453125
0 0.4171875 0.8546875 0.046875 0.040625