0 0.3046875 0.1921875 0.059375 0.059375
0 0.578125 0.15859375 0.040625 0.0515625
0 0.87890625 0.03046875 0.0578125 0.0578125
0 0.36171875 0.0359375 0.0484375 0.05
0 0.46328125 0.52265625 0.0296875 0.0296875
0 0.38046875 0.69453125 0.0515625 0.0515625
0 0.52578125 0.559375 0.0234375 0.028125
0 0.27734375 0.53359375 0.0265625 0.0265625
0 0.053125 0.79296875 0.0625 0.0609375
0 0.18828125 0.9609375 0.0734375 0.05625
0 0.30234375 0.884375 0.0546875 0.05625
0 0.51875 0.91796875 0.0375 0.0390625
0 0.51875 0.95390625 0.04375 0.0453125
0 0.63125 0.90703125 0.03125 0.0296875
0 0.80703125 0.8328125 0.0453125 0.046875
0 0.82578125 0.73046875 0.0453125 0.0453125
0 0.86875 0.64375 0.04375 0.046875
0 0.8546875 0.5828125 0.04375 0.04375