0 0.67421875 0.0203125 0.0484375 0.040625
0 0.5390625 0.0734375 0.08125 0.090625
0 0.04765625 0.0859375 0.0953125 0.08125
0 0.396875 0.15625 0.040625 0.040625
0 0.7046875 0.1765625 0.078125 0.078125
0 0.2609375 0.21875 0.078125 0.078125
0 0.54375 0.23125 0.075 0.078125
0 0.7546875 0.25 0.08125 0.08125
0 0.95546875 0.378125 0.0546875 0.06875
0 0.3484375 0.43125 0.078125 0.046875
0 0.74296875 0.46796875 0.0515625 0.0515625
0 0.3109375 0.5859375 0.0625 0.0875
0 0.86875 0.60625 0.09375 0.09375
0 0.690625 0.6078125 0.090625 0.075
0 0.9765625 0.7046875 0.046875 0.053125
0 0.428125 0.725 0.040625 0.040625
0 0.7578125 0.7828125 0.109375 0.109375
0 0.46875 0.784375 0.034375 0.034375
0 0.38671875 0.95703125 0.0828125 0.0859375