0 0.6703125 0.0171875 0.0625 0.034375
0 0.53515625 0.071875 0.0859375 0.084375
0 0.04765625 0.08515625 0.0890625 0.0890625
0 0.39375 0.1546875 0.040625 0.040625
0 0.69921875 0.175 0.0765625 0.078125
0 0.259375 0.2171875 0.078125 0.078125
0 0.540625 0.22890625 0.075 0.0765625
0 0.75 0.2484375 0.08125 0.08125
0 0.94921875 0.375 0.0546875 0.06875
0 0.3453125 0.428125 0.0625 0.0625
0 0.73828125 0.46484375 0.0515625 0.0515625
0 0.309375 0.58125 0.075 0.075
0 0.8625 0.60234375 0.09375 0.0921875
0 0.68515625 0.603125 0.0828125 0.08125
0 0.9734375 0.7 0.053125 0.053125
0 0.425 0.7203125 0.040625 0.040625
0 0.7515625 0.7765625 0.11875 0.096875
0 0.465625 0.7796875 0.034375 0.034375
0 0.38515625 0.9546875 0.0859375 0.0875