0 0.0171875 0.3296875 0.034375 0.0625
0 0.071875 0.46484375 0.090625 0.0796875
0 0.0859375 0.95234375 0.08125 0.0953125
0 0.1546875 0.60625 0.053125 0.028125
0 0.175 0.30078125 0.084375 0.0703125
0 0.2171875 0.73984375 0.075 0.0828125
0 0.22890625 0.459375 0.0765625 0.075
0 0.2484375 0.25 0.075 0.0875
0 0.37578125 0.05078125 0.0671875 0.0546875
0 0.428125 0.6546875 0.046875 0.078125
0 0.46484375 0.26171875 0.0578125 0.0453125
0 0.58125 0.68984375 0.0875 0.0640625
0 0.603125 0.1375 0.08125 0.103125
0 0.603125 0.31484375 0.075 0.0890625
0 0.7 0.0265625 0.053125 0.053125
0 0.7203125 0.57421875 0.0375 0.0453125
0 0.7765625 0.2484375 0.096875 0.11875
0 0.78046875 0.534375 0.0359375 0.034375
0 0.9546875 0.61484375 0.090625 0.0828125