0 0.67265625 0.01953125 0.0484375 0.0390625
0 0.5375 0.071875 0.08125 0.090625
0 0.046875 0.084375 0.09375 0.08125
0 0.3953125 0.1546875 0.040625 0.040625
0 0.703125 0.175 0.078125 0.078125
0 0.259375 0.2171875 0.078125 0.078125
0 0.5421875 0.2296875 0.075 0.078125
0 0.753125 0.2484375 0.08125 0.08125
0 0.95390625 0.3765625 0.0546875 0.06875
0 0.346875 0.4296875 0.078125 0.046875
0 0.74140625 0.46640625 0.0515625 0.0515625
0 0.309375 0.584375 0.0625 0.0875
0 0.8671875 0.6046875 0.09375 0.09375
0 0.6890625 0.60625 0.090625 0.075
0 0.97578125 0.703125 0.0484375 0.053125
0 0.4265625 0.7234375 0.040625 0.040625
0 0.75625 0.78125 0.109375 0.109375
0 0.4671875 0.7828125 0.034375 0.034375
0 0.38515625 0.95625 0.0828125 0.0875