0 0.9078125 0.49375 0.071875 0.04375
0 0.871875 0.21796875 0.05625 0.0546875
0 0.8 0.77734375 0.075 0.0609375
0 0.72109375 0.896875 0.1296875 0.109375
0 0.70078125 0.0625 0.0640625 0.04375
0 0.59375 0.58515625 0.096875 0.0796875
0 0.5328125 0.903125 0.059375 0.059375
0 0.515625 0.165625 0.075 0.075
0 0.50625 0.97421875 0.05625 0.0515625
0 0.4921875 0.87421875 0.059375 0.0609375
0 0.4328125 0.20390625 0.071875 0.0703125
0 0.390625 0.025 0.0625 0.05
0 0.3890625 0.79140625 0.1 0.0703125
0 0.3640625 0.70234375 0.128125 0.0453125
0 0.19453125 0.47890625 0.0859375 0.0859375
0 0.01484375 0.815625 0.0296875 0.04375