0 0.49453125 0.0921875 0.0453125 0.071875
0 0.21796875 0.128125 0.0578125 0.053125
0 0.77734375 0.20078125 0.0609375 0.0765625
0 0.896875 0.27890625 0.109375 0.1296875
0 0.06328125 0.29921875 0.0453125 0.0640625
0 0.58515625 0.40625 0.0796875 0.096875
0 0.903125 0.4671875 0.05625 0.0625
0 0.165625 0.484375 0.075 0.075
0 0.978125 0.49453125 0.04375 0.0703125
0 0.87421875 0.5078125 0.0578125 0.0625
0 0.20390625 0.56796875 0.0515625 0.0921875
0 0.01875 0.61015625 0.0375 0.0890625
0 0.79140625 0.6109375 0.0703125 0.1
0 0.70234375 0.6359375 0.0453125 0.128125
0 0.47890625 0.80625 0.0859375 0.0875
0 0.81640625 0.99296875 0.0734375 0.0140625