0 0.96875 0.54375 0.040625 0.05
0 0.9640625 0.25625 0.0625 0.090625
0 0.87890625 0.8953125 0.0609375 0.05
0 0.83359375 0.78515625 0.1296875 0.1015625
0 0.58203125 0.38125 0.0921875 0.053125
0 0.58125 0.56953125 0.065625 0.0546875
0 0.546875 0.08515625 0.046875 0.0390625
0 0.475 0.73203125 0.096875 0.0640625
0 0.43671875 0.1359375 0.0609375 0.040625
0 0.36875 0.20859375 0.071875 0.0609375
0 0.35859375 0.5 0.0640625 0.071875
0 0.3234375 0.7703125 0.0625 0.046875
0 0.29296875 0.4375 0.0421875 0.059375
0 0.284375 0.93125 0.11875 0.096875
0 0.21328125 0.59453125 0.0578125 0.0546875
0 0.20546875 0.5296875 0.0421875 0.06875
0 0.14296875 0.51328125 0.0796875 0.0828125
0 0.06484375 0.48203125 0.1078125 0.0921875
0 0.03984375 0.88984375 0.0796875 0.0640625