0 0.03125 0.45625 0.040625 0.05
0 0.03671875 0.74453125 0.0734375 0.0765625
0 0.1203125 0.1046875 0.059375 0.05
0 0.16640625 0.2140625 0.1171875 0.115625
0 0.4171875 0.61875 0.090625 0.053125
0 0.41875 0.43046875 0.059375 0.0609375
0 0.453125 0.91484375 0.04375 0.0421875
0 0.52578125 0.26875 0.0796875 0.08125
0 0.56328125 0.8640625 0.0515625 0.05
0 0.63125 0.79140625 0.065625 0.0671875
0 0.64140625 0.5 0.0640625 0.071875
0 0.6765625 0.2296875 0.0625 0.046875
0 0.70703125 0.5625 0.0421875 0.059375
0 0.71640625 0.06953125 0.1078125 0.1078125
0 0.78671875 0.40625 0.0578125 0.05625
0 0.79453125 0.4703125 0.0421875 0.06875
0 0.85703125 0.48671875 0.0796875 0.0828125
0 0.9359375 0.5171875 0.1 0.1
0 0.96015625 0.11015625 0.0796875 0.0640625