0 0.02890625 0.45546875 0.0453125 0.0453125
0 0.03515625 0.746875 0.0703125 0.078125
0 0.11875 0.10390625 0.05625 0.0546875
0 0.1640625 0.2125 0.11875 0.115625
0 0.4171875 0.6203125 0.090625 0.053125
0 0.41875 0.43046875 0.059375 0.0609375
0 0.453125 0.91796875 0.04375 0.0421875
0 0.5265625 0.2671875 0.08125 0.08125
0 0.56484375 0.8671875 0.0515625 0.05
0 0.6328125 0.79375 0.065625 0.06875
0 0.6421875 0.5 0.06875 0.06875
0 0.678125 0.228125 0.0625 0.046875
0 0.70859375 0.5640625 0.0515625 0.05
0 0.71875 0.0671875 0.109375 0.109375
0 0.78828125 0.40625 0.0578125 0.05625
0 0.79609375 0.4703125 0.0546875 0.05625
0 0.859375 0.4859375 0.08125 0.08125
0 0.9390625 0.5171875 0.1 0.1
0 0.96328125 0.1078125 0.0734375 0.071875