0 0.54453125 0.03203125 0.0453125 0.0453125
0 0.25546875 0.03671875 0.0765625 0.0734375
0 0.89453125 0.1203125 0.0546875 0.05625
0 0.7859375 0.16640625 0.115625 0.1171875
0 0.38125 0.4171875 0.053125 0.090625
0 0.56953125 0.41875 0.0609375 0.059375
0 0.08515625 0.453125 0.0421875 0.04375
0 0.73125 0.52578125 0.08125 0.0796875
0 0.1359375 0.56328125 0.05 0.0515625
0 0.20859375 0.63125 0.0671875 0.065625
0 0.5 0.64140625 0.06875 0.0671875
0 0.7703125 0.6765625 0.046875 0.0625
0 0.4375 0.70703125 0.05 0.0515625
0 0.93046875 0.71640625 0.1078125 0.1078125
0 0.59375 0.78671875 0.05625 0.0578125
0 0.5296875 0.79453125 0.05625 0.0546875
0 0.5140625 0.85703125 0.08125 0.0796875
0 0.4828125 0.9359375 0.1 0.1
0 0.890625 0.9609375 0.071875 0.071875