0 0.0296875 0.45625 0.040625 0.05
0 0.034375 0.7453125 0.0625 0.090625
0 0.12109375 0.103125 0.0609375 0.05
0 0.165625 0.2140625 0.13125 0.103125
0 0.41875 0.6203125 0.09375 0.053125
0 0.4203125 0.43046875 0.065625 0.0546875
0 0.4546875 0.91796875 0.046875 0.0390625
0 0.5265625 0.2671875 0.096875 0.065625
0 0.56640625 0.8671875 0.0609375 0.040625
0 0.634375 0.79296875 0.071875 0.0609375
0 0.64375 0.5 0.065625 0.071875
0 0.6796875 0.228125 0.0625 0.046875
0 0.71015625 0.5640625 0.0421875 0.059375
0 0.71875 0.0671875 0.11875 0.096875
0 0.78984375 0.40546875 0.0578125 0.0546875
0 0.79765625 0.4703125 0.0421875 0.06875
0 0.8609375 0.4875 0.08125 0.084375
0 0.940625 0.51875 0.109375 0.09375
0 0.96171875 0.10859375 0.0765625 0.0640625