0 0.9921875 0.721875 0.015625 0.11875
0 0.946875 0.7578125 0.096875 0.09375
0 0.8875 0.83125 0.059375 0.05
0 0.8828125 0.40546875 0.06875 0.0578125
0 0.7671875 0.359375 0.05625 0.08125
0 0.52265625 0.1046875 0.0578125 0.084375
0 0.521875 0.36484375 0.040625 0.0546875
0 0.496875 0.2921875 0.05625 0.04375
0 0.4765625 0.43125 0.065625 0.05625
0 0.46875 0.8859375 0.115625 0.078125
0 0.46015625 0.4953125 0.0515625 0.065625
0 0.428125 0.0921875 0.096875 0.096875
0 0.3625 0.2984375 0.065625 0.06875
0 0.2765625 0.18515625 0.06875 0.0453125
0 0.09375 0.021875 0.10625 0.04375