0 0.7203125 0.01015625 0.11875 0.0203125
0 0.75625 0.05859375 0.09375 0.0953125
0 0.82890625 0.1171875 0.0546875 0.053125
0 0.40546875 0.121875 0.0609375 0.0625
0 0.36015625 0.23515625 0.0671875 0.0671875
0 0.10625 0.47890625 0.084375 0.0578125
0 0.3640625 0.4796875 0.046875 0.046875
0 0.29375 0.5046875 0.05 0.05
0 0.43125 0.525 0.0625 0.059375
0 0.88359375 0.53359375 0.0953125 0.0953125
0 0.49375 0.540625 0.0625 0.05
0 0.09453125 0.57265625 0.0953125 0.0953125
0 0.3 0.63828125 0.065625 0.0671875
0 0.1859375 0.7234375 0.05625 0.05625
0 0.03046875 0.90546875 0.0609375 0.0765625