0 0.7203125 0.01015625 0.11875 0.0203125
0 0.75625 0.05859375 0.09375 0.0953125
0 0.828125 0.1171875 0.05 0.059375
0 0.40546875 0.12109375 0.0578125 0.0671875
0 0.36015625 0.2359375 0.0796875 0.05625
0 0.10625 0.47890625 0.084375 0.0578125
0 0.36484375 0.4796875 0.0546875 0.040625
0 0.29375 0.5046875 0.04375 0.05625
0 0.43125 0.525 0.05625 0.065625
0 0.88359375 0.53359375 0.0765625 0.1140625
0 0.49453125 0.54140625 0.0640625 0.0515625
0 0.09453125 0.57265625 0.0953125 0.0953125
0 0.3 0.63828125 0.06875 0.0640625
0 0.18671875 0.72421875 0.0453125 0.0671875
0 0.0234375 0.90625 0.046875 0.10625