0 0.54375 0.01796875 0.05625 0.0359375
0 0.40078125 0.06640625 0.0484375 0.0484375
0 0.1421875 0.08203125 0.096875 0.0984375
0 0.909375 0.08515625 0.05 0.0546875
0 0.82109375 0.115625 0.0546875 0.0625
0 0.46484375 0.1359375 0.0609375 0.0625
0 0.77421875 0.17890625 0.0578125 0.0578125
0 0.028125 0.19453125 0.05625 0.0609375
0 0.19296875 0.259375 0.0390625 0.0375
0 0.97421875 0.31328125 0.0515625 0.0578125
0 0.70390625 0.43125 0.0578125 0.0375
0 0.82578125 0.44375 0.0640625 0.046875
0 0.4078125 0.490625 0.109375 0.10625
0 0.91484375 0.503125 0.0515625 0.053125
0 0.15625 0.5671875 0.053125 0.053125
0 0.6109375 0.5828125 0.059375 0.059375
0 0.38828125 0.609375 0.0609375 0.0625
0 0.2890625 0.615625 0.046875 0.046875
0 0.9515625 0.63359375 0.0625 0.0609375
0 0.0453125 0.65234375 0.065625 0.0640625
0 0.9078125 0.70703125 0.1 0.0703125
0 0.70390625 0.73671875 0.0703125 0.0703125
0 0.371875 0.7828125 0.05625 0.053125
0 0.55 0.78515625 0.06875 0.0671875
0 0.4078125 0.871875 0.0875 0.0875
0 0.325 0.94375 0.071875 0.059375