0 0.54375 0.0171875 0.05625 0.034375
0 0.40078125 0.06640625 0.0484375 0.0484375
0 0.140625 0.08125 0.096875 0.1
0 0.9125 0.08515625 0.05 0.0546875
0 0.82421875 0.115625 0.0546875 0.0625
0 0.46484375 0.1359375 0.0609375 0.0625
0 0.77578125 0.17890625 0.0578125 0.0578125
0 0.0265625 0.19453125 0.053125 0.0609375
0 0.19140625 0.259375 0.0390625 0.0375
0 0.97578125 0.31484375 0.0484375 0.0578125
0 0.70546875 0.4328125 0.0578125 0.0375
0 0.828125 0.4453125 0.065625 0.046875
0 0.4078125 0.4921875 0.109375 0.10625
0 0.91796875 0.5046875 0.0515625 0.053125
0 0.1546875 0.5703125 0.053125 0.053125
0 0.6125 0.5859375 0.059375 0.059375
0 0.38828125 0.6125 0.0609375 0.0625
0 0.2875 0.61875 0.046875 0.046875
0 0.9546875 0.63671875 0.0625 0.0609375
0 0.0421875 0.6546875 0.065625 0.065625
0 0.9109375 0.7109375 0.1 0.071875
0 0.70625 0.740625 0.071875 0.071875
0 0.371875 0.7859375 0.05625 0.053125
0 0.55 0.7890625 0.06875 0.06875
0 0.4078125 0.8765625 0.0875 0.0875
0 0.325 0.9484375 0.071875 0.059375