0 0.01953125 0.45546875 0.0390625 0.0453125
0 0.06640625 0.59921875 0.0484375 0.0484375
0 0.08125 0.85859375 0.1 0.0984375
0 0.08515625 0.08828125 0.0515625 0.0515625
0 0.115625 0.17578125 0.0625 0.0546875
0 0.1359375 0.53359375 0.0625 0.0609375
0 0.17890625 0.22265625 0.0578125 0.0578125
0 0.1953125 0.9734375 0.065625 0.053125
0 0.259375 0.80703125 0.0375 0.0390625
0 0.31484375 0.0234375 0.0578125 0.046875
0 0.4328125 0.29296875 0.0375 0.0578125
0 0.4453125 0.17109375 0.05625 0.0546875
0 0.4921875 0.590625 0.10625 0.109375
0 0.5046875 0.08203125 0.053125 0.0515625
0 0.5703125 0.8453125 0.053125 0.053125
0 0.5859375 0.3875 0.078125 0.040625
0 0.6125 0.61171875 0.0625 0.0609375
0 0.61875 0.7109375 0.046875 0.046875
0 0.63671875 0.04375 0.0609375 0.0625
0 0.6546875 0.95625 0.065625 0.065625
0 0.7109375 0.0890625 0.0875 0.084375
0 0.740625 0.29375 0.071875 0.071875
0 0.7859375 0.628125 0.053125 0.05625
0 0.7890625 0.4484375 0.065625 0.071875
0 0.8765625 0.5921875 0.0875 0.0875
0 0.9484375 0.675 0.065625 0.065625