0 0.98359375 0.54609375 0.0328125 0.0546875
0 0.9359375 0.40234375 0.046875 0.0484375
0 0.9203125 0.1421875 0.103125 0.09375
0 0.91796875 0.9140625 0.0546875 0.05
0 0.88671875 0.82578125 0.0609375 0.0546875
0 0.8671875 0.46640625 0.06875 0.0578125
0 0.8234375 0.7765625 0.05625 0.059375
0 0.80625 0.0265625 0.06875 0.053125
0 0.7421875 0.19296875 0.046875 0.0296875
0 0.6875 0.98046875 0.071875 0.0390625
0 0.56953125 0.70703125 0.0359375 0.0578125
0 0.55625 0.8296875 0.046875 0.065625
0 0.509375 0.409375 0.10625 0.109375
0 0.496875 0.91953125 0.053125 0.0515625
0 0.4328125 0.15625 0.05625 0.05
0 0.4171875 0.6140625 0.078125 0.040625
0 0.390625 0.3890625 0.053125 0.06875
0 0.38359375 0.2890625 0.0453125 0.046875
0 0.36640625 0.95625 0.0453125 0.078125
0 0.3484375 0.04375 0.071875 0.05625
0 0.2921875 0.9125 0.071875 0.1
0 0.2609375 0.7078125 0.071875 0.071875
0 0.21484375 0.3734375 0.0515625 0.05625
0 0.2140625 0.5515625 0.065625 0.071875
0 0.1265625 0.409375 0.08125 0.09375
0 0.053125 0.3265625 0.059375 0.071875