0 0.0125 0.27421875 0.025 0.0359375
0 0.08671875 0.146875 0.0453125 0.04375
0 0.09453125 0.2890625 0.0546875 0.046875
0 0.13828125 0.19765625 0.0671875 0.0671875
0 0.16953125 0.7953125 0.1390625 0.140625
0 0.2328125 0.021875 0.1 0.04375
0 0.3203125 0.35546875 0.053125 0.0515625
0 0.346875 0.196875 0.05 0.05
0 0.37109375 0.303125 0.0578125 0.05625
0 0.47421875 0.334375 0.0578125 0.059375
0 0.5125 0.696875 0.084375 0.084375
0 0.81875 0.5578125 0.06875 0.15
0 0.89296875 0.0265625 0.0828125 0.053125
0 0.97734375 0.8265625 0.0453125 0.05625