0 0.73046875 0.0078125 0.0546875 0.015625
0 0.8578125 0.08828125 0.0375 0.0515625
0 0.7140625 0.09609375 0.046875 0.0546875
0 0.80625 0.1390625 0.06875 0.065625
0 0.2046875 0.1703125 0.115625 0.165625
0 0.98046875 0.234375 0.0390625 0.1
0 0.64765625 0.3234375 0.0578125 0.046875
0 0.80546875 0.34921875 0.0546875 0.0453125
0 0.7 0.37421875 0.05625 0.0578125
0 0.66796875 0.478125 0.0546875 0.065625
0 0.303125 0.5171875 0.0625 0.109375
0 0.44375 0.825 0.15 0.06875
0 0.97578125 0.8984375 0.0484375 0.084375
0 0.175 0.9859375 0.078125 0.028125