0 0.9875 0.72578125 0.025 0.0359375
0 0.91328125 0.853125 0.0453125 0.04375
0 0.90546875 0.7109375 0.0515625 0.05
0 0.86171875 0.80234375 0.0671875 0.0671875
0 0.83046875 0.2046875 0.1390625 0.140625
0 0.7671875 0.97109375 0.071875 0.0578125
0 0.6796875 0.64453125 0.053125 0.0515625
0 0.65390625 0.80234375 0.0453125 0.0546875
0 0.62890625 0.696875 0.0578125 0.05625
0 0.52578125 0.665625 0.0578125 0.059375
0 0.4875 0.303125 0.084375 0.084375
0 0.18125 0.4421875 0.109375 0.109375
0 0.1078125 0.96953125 0.06875 0.0609375
0 0.0171875 0.175 0.034375 0.078125