0 0.72578125 0.01171875 0.0359375 0.0234375
0 0.8546875 0.08671875 0.04375 0.0453125
0 0.7109375 0.09453125 0.05 0.0515625
0 0.803125 0.1375 0.06875 0.06875
0 0.2015625 0.16875 0.140625 0.140625
0 0.971875 0.2328125 0.05625 0.071875
0 0.64453125 0.321875 0.0515625 0.053125
0 0.80234375 0.34765625 0.0546875 0.0453125
0 0.696875 0.37265625 0.05625 0.0578125
0 0.665625 0.47578125 0.059375 0.0578125
0 0.3 0.5140625 0.084375 0.084375
0 0.440625 0.8234375 0.109375 0.109375
0 0.9703125 0.896875 0.059375 0.06875
0 0.171875 0.98515625 0.078125 0.0296875