0 0.97734375 0.31015625 0.0453125 0.0734375
0 0.303125 0.365625 0.053125 0.053125
0 0.89453125 0.47734375 0.0609375 0.0609375
0 0.25703125 0.484375 0.0421875 0.04375
0 0.49296875 0.540625 0.0453125 0.04375
0 0.84375 0.5453125 0.05 0.053125
0 0.9234375 0.559375 0.046875 0.046875
0 0.578125 0.58515625 0.0625 0.0609375
0 0.775 0.5953125 0.0625 0.065625
0 0.6671875 0.6046875 0.053125 0.053125
0 0.21796875 0.60703125 0.0671875 0.0671875
0 0.3046875 0.7484375 0.078125 0.08125
0 0.70859375 0.78203125 0.0796875 0.0796875
0 0.36171875 0.796875 0.0515625 0.05
0 0.13984375 0.88671875 0.0765625 0.0734375
0 0.4453125 0.92265625 0.065625 0.0703125