0 0.978125 0.3125 0.04375 0.075
0 0.3 0.36875 0.053125 0.053125
0 0.89609375 0.48046875 0.0609375 0.0609375
0 0.25390625 0.4875 0.0421875 0.04375
0 0.49140625 0.54375 0.0453125 0.04375
0 0.8453125 0.5484375 0.05 0.053125
0 0.925 0.5640625 0.046875 0.046875
0 0.578125 0.58984375 0.0625 0.0609375
0 0.775 0.6 0.0625 0.065625
0 0.6671875 0.609375 0.053125 0.053125
0 0.215625 0.6109375 0.06875 0.06875
0 0.3015625 0.753125 0.078125 0.08125
0 0.709375 0.7875 0.08125 0.08125
0 0.36015625 0.8015625 0.0515625 0.05
0 0.1359375 0.8921875 0.078125 0.075
0 0.44375 0.928125 0.065625 0.071875