0 0.5015625 0.053125 0.059375 0.075
0 0.37421875 0.08828125 0.0671875 0.0765625
0 0.4546875 0.1171875 0.059375 0.03125
0 0.5046875 0.11875 0.05 0.0625
0 0.73359375 0.1328125 0.0921875 0.0625
0 0.6578125 0.15 0.05 0.05625
0 0.3265625 0.25703125 0.05 0.0640625
0 0.64453125 0.3046875 0.0578125 0.06875
0 0.69140625 0.3046875 0.0453125 0.046875
0 0.540625 0.3359375 0.0625 0.046875
0 0.43125 0.36796875 0.05625 0.0609375
0 0.63203125 0.5515625 0.0546875 0.046875
0 0.79375 0.55625 0.05 0.06875
0 0.2359375 0.83046875 0.115625 0.0796875
0 0.3765625 0.9765625 0.08125 0.046875
0 0.1296875 0.98203125 0.059375 0.0359375