0 0.5046875 0.053125 0.06875 0.065625
0 0.375 0.0890625 0.071875 0.071875
0 0.45625 0.11875 0.059375 0.03125
0 0.50625 0.1203125 0.05 0.0625
0 0.7375 0.134375 0.078125 0.078125
0 0.6609375 0.1515625 0.053125 0.053125
0 0.32734375 0.25859375 0.0578125 0.0578125
0 0.646875 0.30625 0.065625 0.0625
0 0.69375 0.30703125 0.046875 0.0453125
0 0.5421875 0.33984375 0.053125 0.0546875
0 0.4328125 0.3703125 0.059375 0.059375
0 0.634375 0.55546875 0.05 0.0515625
0 0.796875 0.559375 0.05 0.06875
0 0.2359375 0.8359375 0.115625 0.08125
0 0.3765625 0.975 0.065625 0.05
0 0.128125 0.98203125 0.046875 0.0359375