0 0.053125 0.496875 0.065625 0.06875
0 0.0890625 0.625 0.071875 0.071875
0 0.11875 0.54375 0.03125 0.059375
0 0.1203125 0.49375 0.0625 0.05
0 0.134375 0.2640625 0.078125 0.078125
0 0.1515625 0.340625 0.053125 0.053125
0 0.25859375 0.67421875 0.0578125 0.0578125
0 0.30625 0.353125 0.0625 0.065625
0 0.30703125 0.30625 0.0453125 0.046875
0 0.33984375 0.4578125 0.0546875 0.053125
0 0.3703125 0.56875 0.059375 0.059375
0 0.55546875 0.3671875 0.0515625 0.05
0 0.559375 0.203125 0.06875 0.05
0 0.8359375 0.76484375 0.08125 0.1171875
0 0.975 0.62421875 0.05 0.0640625
0 0.98203125 0.8734375 0.0359375 0.046875