0 0.053125 0.4984375 0.075 0.059375
0 0.08828125 0.62578125 0.0765625 0.0671875
0 0.1171875 0.5453125 0.03125 0.059375
0 0.11875 0.4953125 0.0625 0.05
0 0.1328125 0.26640625 0.0625 0.0921875
0 0.15 0.3421875 0.05625 0.05
0 0.25703125 0.6734375 0.0640625 0.05
0 0.3046875 0.35546875 0.06875 0.0578125
0 0.3046875 0.30859375 0.046875 0.0453125
0 0.3359375 0.459375 0.046875 0.0625
0 0.36796875 0.56875 0.0609375 0.05625
0 0.5515625 0.36796875 0.046875 0.0546875
0 0.55625 0.20625 0.06875 0.05
0 0.83046875 0.7640625 0.0796875 0.115625
0 0.9765625 0.6234375 0.046875 0.08125
0 0.98203125 0.8703125 0.0359375 0.059375