0 0.50234375 0.053125 0.0671875 0.065625
0 0.37421875 0.0875 0.0703125 0.071875
0 0.4546875 0.1171875 0.059375 0.03125
0 0.5046875 0.11875 0.05 0.0625
0 0.73359375 0.1328125 0.0765625 0.078125
0 0.6578125 0.15 0.053125 0.053125
0 0.32578125 0.25703125 0.0578125 0.0578125
0 0.64453125 0.3046875 0.0640625 0.0625
0 0.690625 0.30546875 0.046875 0.0453125
0 0.540625 0.33671875 0.053125 0.0546875
0 0.43125 0.3671875 0.059375 0.059375
0 0.63125 0.55234375 0.05 0.0515625
0 0.79375 0.55625 0.05 0.06875
0 0.2359375 0.83046875 0.115625 0.0796875
0 0.37578125 0.971875 0.0640625 0.05625
0 0.128125 0.97890625 0.046875 0.0421875