0 0.9453125 0.7703125 0.109375 0.11875
0 0.940625 0.2296875 0.040625 0.065625
0 0.89453125 0.0578125 0.0671875 0.065625
0 0.8875 0.3328125 0.05 0.053125
0 0.85390625 0.62578125 0.0234375 0.0328125
0 0.79921875 0.76875 0.0328125 0.03125
0 0.78671875 0.72890625 0.0171875 0.0203125
0 0.7046875 0.84609375 0.046875 0.0484375
0 0.696875 0.80078125 0.0375 0.0390625
0 0.67421875 0.690625 0.1296875 0.128125
0 0.58984375 0.3765625 0.0234375 0.025
0 0.5875 0.51796875 0.0375 0.0359375
0 0.55625 0.61640625 0.040625 0.0421875
0 0.5484375 0.3859375 0.040625 0.0375
0 0.5328125 0.25703125 0.025 0.0359375
0 0.52734375 0.784375 0.0515625 0.090625
0 0.5109375 0.32109375 0.040625 0.0390625
0 0.4484375 0.35625 0.08125 0.05
0 0.4125 0.58984375 0.05625 0.0578125
0 0.403125 0.43125 0.04375 0.04375
0 0.38125 0.18046875 0.05625 0.0671875
0 0.3765625 0.31484375 0.046875 0.0703125
0 0.3625 0.42421875 0.046875 0.0421875
0 0.34296875 0.1890625 0.0359375 0.0375
0 0.340625 0.55234375 0.0375 0.0390625
0 0.3046875 0.35546875 0.0375 0.0359375
0 0.24296875 0.446875 0.0578125 0.05625
0 0.20703125 0.57578125 0.0359375 0.0359375
0 0.1921875 0.02265625 0.084375 0.0453125
0 0.1765625 0.5234375 0.075 0.075
0 0.14375 0.45625 0.034375 0.034375
0 0.13828125 0.765625 0.0859375 0.0875
0 0.13515625 0.47890625 0.0328125 0.0328125
0 0.1234375 0.6125 0.090625 0.090625
0 0.03125 0.090625 0.0625 0.078125
0 0.0328125 0.2515625 0.065625 0.0875