0 0.7703125 0.0546875 0.11875 0.109375
0 0.2296875 0.059375 0.065625 0.040625
0 0.0578125 0.10546875 0.065625 0.0671875
0 0.3328125 0.1125 0.053125 0.05
0 0.62578125 0.14609375 0.0328125 0.0234375
0 0.76875 0.20078125 0.03125 0.0328125
0 0.72890625 0.21328125 0.0203125 0.0171875
0 0.84609375 0.2953125 0.0484375 0.046875
0 0.80078125 0.303125 0.0390625 0.0375
0 0.690625 0.32578125 0.128125 0.1296875
0 0.3765625 0.41015625 0.025 0.0234375
0 0.51796875 0.4125 0.0359375 0.0375
0 0.61640625 0.44375 0.0421875 0.040625
0 0.3859375 0.4515625 0.0375 0.040625
0 0.25703125 0.4671875 0.0359375 0.025
0 0.784375 0.47265625 0.090625 0.0515625
0 0.32109375 0.4890625 0.0390625 0.040625
0 0.35625 0.5515625 0.05 0.08125
0 0.58984375 0.5875 0.0578125 0.05625
0 0.43125 0.596875 0.04375 0.04375
0 0.18046875 0.61875 0.0671875 0.05625
0 0.31484375 0.6234375 0.0703125 0.046875
0 0.42421875 0.6375 0.0421875 0.046875
0 0.1890625 0.65703125 0.0375 0.0359375
0 0.55234375 0.659375 0.0390625 0.0375
0 0.35546875 0.6953125 0.0359375 0.0375
0 0.446875 0.75703125 0.05625 0.0578125
0 0.57578125 0.79296875 0.0359375 0.0359375
0 0.02265625 0.8078125 0.0453125 0.084375
0 0.5234375 0.8234375 0.075 0.075
0 0.45625 0.85625 0.034375 0.034375
0 0.765625 0.86171875 0.0875 0.0859375
0 0.47890625 0.86484375 0.0328125 0.0328125
0 0.6125 0.8765625 0.090625 0.090625
0 0.090625 0.96875 0.078125 0.0625
0 0.2515625 0.9671875 0.0875 0.065625