0 0.94609375 0.77265625 0.1078125 0.1203125
0 0.9421875 0.2296875 0.040625 0.065625
0 0.8953125 0.05625 0.06875 0.065625
0 0.8890625 0.334375 0.05 0.053125
0 0.85546875 0.62890625 0.0234375 0.0328125
0 0.79921875 0.771875 0.0328125 0.03125
0 0.78671875 0.73203125 0.0171875 0.0203125
0 0.7046875 0.85078125 0.046875 0.0484375
0 0.696875 0.80390625 0.0375 0.0390625
0 0.6734375 0.69375 0.13125 0.128125
0 0.58984375 0.378125 0.0234375 0.025
0 0.5875 0.51953125 0.0375 0.0359375
0 0.5546875 0.61953125 0.040625 0.0421875
0 0.546875 0.3875 0.040625 0.0375
0 0.53125 0.25703125 0.025 0.0359375
0 0.52578125 0.7875 0.0515625 0.090625
0 0.509375 0.32265625 0.040625 0.0390625
0 0.446875 0.3578125 0.08125 0.05
0 0.4109375 0.59296875 0.05625 0.0578125
0 0.4015625 0.4328125 0.04375 0.04375
0 0.3796875 0.1796875 0.05625 0.06875
0 0.375 0.315625 0.046875 0.071875
0 0.3609375 0.42578125 0.046875 0.0421875
0 0.34140625 0.1890625 0.0359375 0.0375
0 0.3390625 0.55390625 0.0375 0.0390625
0 0.3015625 0.35703125 0.0375 0.0359375
0 0.23984375 0.4484375 0.0578125 0.05625
0 0.20390625 0.57890625 0.0359375 0.0359375
0 0.1890625 0.021875 0.084375 0.04375
0 0.1734375 0.525 0.075 0.075
0 0.140625 0.4578125 0.034375 0.034375
0 0.134375 0.76953125 0.0875 0.0890625
0 0.13203125 0.48046875 0.0328125 0.0328125
0 0.1203125 0.615625 0.090625 0.090625
0 0.02890625 0.090625 0.0578125 0.078125
0 0.03046875 0.2515625 0.0609375 0.0875