0 0.040625 0.3828125 0.046875 0.046875
0 0.121875 0.2203125 0.08125 0.08125
0 0.2078125 0.33984375 0.04375 0.0453125
0 0.2296875 0.0453125 0.053125 0.053125
0 0.36875 0.3 0.071875 0.05625
0 0.471875 0.32421875 0.04375 0.0453125
0 0.5171875 0.653125 0.06875 0.071875
0 0.5828125 0.4640625 0.065625 0.065625
0 0.6046875 0.290625 0.071875 0.0625
0 0.65625 0.3953125 0.04375 0.075
0 0.6703125 0.5515625 0.065625 0.03125
0 0.67265625 0.66015625 0.0515625 0.0515625
0 0.67890625 0.49453125 0.0453125 0.0453125