0 0.615625 0.04375 0.05 0.04375
0 0.77734375 0.1234375 0.0890625 0.071875
0 0.6578125 0.209375 0.040625 0.05
0 0.95 0.23125 0.05625 0.05
0 0.696875 0.36953125 0.05625 0.0703125
0 0.67421875 0.47265625 0.0453125 0.0453125
0 0.34609375 0.5171875 0.0578125 0.08125
0 0.53515625 0.58203125 0.0640625 0.0640625
0 0.70625 0.603125 0.0625 0.071875
0 0.60390625 0.6546875 0.0734375 0.04375
0 0.446875 0.66953125 0.03125 0.0640625
0 0.340625 0.67109375 0.040625 0.0609375
0 0.5046875 0.67734375 0.05 0.0421875