0 0.04375 0.384375 0.04375 0.05
0 0.1234375 0.22265625 0.071875 0.0890625
0 0.209375 0.3421875 0.05 0.040625
0 0.23125 0.05 0.05 0.05625
0 0.36953125 0.303125 0.0703125 0.05625
0 0.47265625 0.32578125 0.0453125 0.0453125
0 0.5171875 0.65390625 0.08125 0.0578125
0 0.58203125 0.46484375 0.0640625 0.0640625
0 0.603125 0.29375 0.071875 0.0625
0 0.6546875 0.39609375 0.04375 0.0734375
0 0.66953125 0.553125 0.0640625 0.03125
0 0.67109375 0.659375 0.0609375 0.040625
0 0.67734375 0.4953125 0.0421875 0.05