0 0.6171875 0.03125 0.096875 0.0625
0 0.93515625 0.053125 0.0921875 0.0875
0 0.68984375 0.14375 0.0765625 0.090625
0 0.37421875 0.203125 0.1234375 0.08125
0 0.63515625 0.2359375 0.0515625 0.05625
0 0.86484375 0.26953125 0.0515625 0.0484375
0 0.1171875 0.27109375 0.05 0.0515625
0 0.01640625 0.3 0.0328125 0.075
0 0.90546875 0.3078125 0.0609375 0.053125
0 0.81171875 0.40546875 0.0359375 0.0390625
0 0.034375 0.459375 0.06875 0.065625
0 0.90546875 0.4953125 0.0609375 0.115625
0 0.34375 0.584375 0.028125 0.05
0 0.1875 0.596875 0.071875 0.075
0 0.25703125 0.7109375 0.0640625 0.078125
0 0.88984375 0.9703125 0.0640625 0.059375