0 0.61796875 0.03515625 0.0796875 0.0703125
0 0.940625 0.053125 0.090625 0.090625
0 0.69375 0.1453125 0.078125 0.090625
0 0.375 0.2046875 0.103125 0.103125
0 0.63828125 0.2375 0.0515625 0.05625
0 0.86953125 0.27109375 0.0515625 0.0515625
0 0.1171875 0.27265625 0.05 0.0515625
0 0.0203125 0.30078125 0.040625 0.0546875
0 0.91015625 0.309375 0.0578125 0.05625
0 0.81640625 0.40859375 0.0359375 0.0359375
0 0.03359375 0.46171875 0.0671875 0.0671875
0 0.909375 0.4984375 0.090625 0.0875
0 0.34609375 0.5890625 0.0390625 0.0375
0 0.1875 0.6015625 0.071875 0.071875
0 0.2578125 0.715625 0.071875 0.071875
0 0.89375 0.97265625 0.0625 0.0546875