0 0.0296875 0.384375 0.059375 0.096875
0 0.05 0.0640625 0.0875 0.09375
0 0.1421875 0.3109375 0.090625 0.078125
0 0.2015625 0.628125 0.08125 0.125
0 0.234375 0.36640625 0.05625 0.0515625
0 0.26796875 0.13515625 0.0484375 0.0515625
0 0.26953125 0.8875 0.0515625 0.05
0 0.2984375 0.9859375 0.075 0.028125
0 0.30625 0.09453125 0.053125 0.0609375
0 0.40546875 0.18828125 0.0390625 0.0359375
0 0.45859375 0.96796875 0.0671875 0.0640625
0 0.4953125 0.09453125 0.115625 0.0609375
0 0.5859375 0.659375 0.05 0.028125
0 0.5984375 0.8171875 0.075 0.071875
0 0.7125 0.746875 0.078125 0.065625
0 0.971875 0.109375 0.05625 0.065625