0 0.61640625 0.034375 0.0796875 0.06875
0 0.9390625 0.0515625 0.09375 0.0875
0 0.6921875 0.14375 0.084375 0.084375
0 0.3734375 0.203125 0.103125 0.103125
0 0.63671875 0.2359375 0.0515625 0.05625
0 0.86796875 0.26953125 0.0515625 0.0515625
0 0.115625 0.27109375 0.05 0.0515625
0 0.01953125 0.29921875 0.0390625 0.0546875
0 0.90859375 0.3078125 0.0578125 0.05625
0 0.81484375 0.40703125 0.0359375 0.0359375
0 0.0328125 0.46015625 0.065625 0.0671875
0 0.9078125 0.496875 0.090625 0.0875
0 0.34453125 0.5875 0.0390625 0.0375
0 0.1859375 0.6 0.071875 0.075
0 0.25625 0.7140625 0.071875 0.071875
0 0.8921875 0.971875 0.0625 0.05625