0 0.0359375 0.59375 0.053125 0.053125
0 0.0359375 0.46171875 0.05 0.0515625
0 0.20546875 0.43984375 0.0828125 0.0828125
0 0.2875 0.2296875 0.040625 0.0625
0 0.30234375 0.36953125 0.0609375 0.0609375
0 0.303125 0.71953125 0.140625 0.1421875
0 0.33671875 0.859375 0.1140625 0.1125
0 0.36328125 0.2359375 0.0359375 0.0375
0 0.44375 0.31875 0.028125 0.03125
0 0.55078125 0.7546875 0.1578125 0.115625
0 0.603125 0.05234375 0.10625 0.0703125
0 0.63828125 0.4078125 0.0546875 0.046875
0 0.65625 0.2265625 0.08125 0.046875
0 0.66171875 0.1703125 0.0515625 0.05