0 0.034375 0.5953125 0.053125 0.053125
0 0.034375 0.46171875 0.05 0.0515625
0 0.20625 0.440625 0.084375 0.084375
0 0.2875 0.228125 0.040625 0.0625
0 0.30234375 0.36953125 0.0609375 0.0609375
0 0.303125 0.721875 0.140625 0.14375
0 0.3375 0.8625 0.115625 0.1125
0 0.36484375 0.234375 0.0359375 0.0375
0 0.4453125 0.31875 0.028125 0.03125
0 0.553125 0.75625 0.159375 0.115625
0 0.60625 0.05 0.10625 0.071875
0 0.64140625 0.4078125 0.0546875 0.046875
0 0.659375 0.225 0.08125 0.046875
0 0.66484375 0.16875 0.0515625 0.05