0 0.40625 0.0359375 0.053125 0.053125
0 0.53828125 0.0359375 0.0515625 0.05
0 0.56015625 0.20546875 0.0828125 0.0828125
0 0.7703125 0.2875 0.0625 0.040625
0 0.63046875 0.30234375 0.0609375 0.0609375
0 0.28046875 0.303125 0.1421875 0.140625
0 0.140625 0.33671875 0.1125 0.1140625
0 0.7640625 0.36328125 0.0375 0.0359375
0 0.68125 0.44375 0.03125 0.028125
0 0.2453125 0.55078125 0.115625 0.1578125
0 0.94765625 0.603125 0.0703125 0.10625
0 0.5921875 0.63828125 0.046875 0.0546875
0 0.7734375 0.65625 0.046875 0.08125
0 0.8296875 0.66171875 0.05 0.0515625