0 0.40625 0.0359375 0.059375 0.046875
0 0.53828125 0.0359375 0.0484375 0.053125
0 0.5609375 0.20625 0.06875 0.096875
0 0.7703125 0.2875 0.0625 0.040625
0 0.63046875 0.30234375 0.0578125 0.0640625
0 0.28046875 0.303125 0.1265625 0.15625
0 0.140625 0.3359375 0.140625 0.0875
0 0.7640625 0.36328125 0.040625 0.0328125
0 0.68125 0.44375 0.025 0.034375
0 0.2453125 0.55078125 0.115625 0.1578125
0 0.94765625 0.603125 0.0703125 0.10625
0 0.5921875 0.63828125 0.046875 0.0546875
0 0.77421875 0.65625 0.0453125 0.08125
0 0.8296875 0.66171875 0.0375 0.0640625