0 0.9046875 0.54296875 0.05625 0.0328125
0 0.846875 0.69296875 0.096875 0.0984375
0 0.83046875 0.76875 0.0734375 0.071875
0 0.80078125 0.18828125 0.0734375 0.0734375
0 0.73125 0.234375 0.09375 0.090625
0 0.72109375 0.803125 0.1171875 0.115625
0 0.63046875 0.93984375 0.0796875 0.1015625
0 0.62890625 0.54375 0.0546875 0.053125
0 0.61484375 0.3625 0.0484375 0.046875
0 0.53046875 0.5015625 0.0453125 0.046875
0 0.52109375 0.72734375 0.0609375 0.0640625
0 0.48046875 0.553125 0.0484375 0.046875
0 0.45234375 0.97578125 0.1203125 0.0484375
0 0.3765625 0.21796875 0.08125 0.0796875
0 0.2328125 0.290625 0.10625 0.10625
0 0.1203125 0.28515625 0.109375 0.1078125
0 0.06953125 0.74375 0.0765625 0.05625
0 0.04296875 0.9515625 0.0859375 0.0875