0 0.54453125 0.0921875 0.0453125 0.04375
0 0.696875 0.15 0.1 0.096875
0 0.771875 0.165625 0.075 0.071875
0 0.1890625 0.196875 0.075 0.075
0 0.234375 0.265625 0.090625 0.090625
0 0.80625 0.2765625 0.14375 0.090625
0 0.9453125 0.3671875 0.090625 0.090625
0 0.5453125 0.36953125 0.053125 0.0546875
0 0.3640625 0.38359375 0.053125 0.0421875
0 0.50390625 0.46796875 0.0453125 0.0453125
0 0.73125 0.47734375 0.065625 0.0609375
0 0.5546875 0.51796875 0.046875 0.0484375
0 0.96796875 0.54453125 0.0640625 0.0859375
0 0.21875 0.6234375 0.08125 0.08125
0 0.290625 0.7671875 0.10625 0.10625
0 0.2859375 0.88125 0.109375 0.109375
0 0.746875 0.93125 0.065625 0.06875
0 0.95546875 0.95703125 0.0890625 0.0859375