0 0.0921875 0.45703125 0.04375 0.0453125
0 0.15 0.30625 0.096875 0.1
0 0.165625 0.2296875 0.071875 0.075
0 0.196875 0.8140625 0.075 0.075
0 0.265625 0.76796875 0.090625 0.0921875
0 0.2765625 0.1953125 0.090625 0.14375
0 0.3671875 0.05625 0.090625 0.090625
0 0.36953125 0.45625 0.0546875 0.053125
0 0.38359375 0.6390625 0.0421875 0.053125
0 0.46796875 0.49765625 0.0453125 0.0453125
0 0.47734375 0.271875 0.0609375 0.065625
0 0.51796875 0.446875 0.0484375 0.046875
0 0.54453125 0.0328125 0.0859375 0.065625
0 0.6234375 0.784375 0.08125 0.08125
0 0.7671875 0.7109375 0.10625 0.10625
0 0.88125 0.7171875 0.109375 0.109375
0 0.93125 0.2546875 0.06875 0.065625
0 0.95703125 0.04609375 0.0859375 0.0890625