0 0.0953125 0.45703125 0.05625 0.0328125
0 0.153125 0.30703125 0.084375 0.1109375
0 0.16875 0.23046875 0.071875 0.0734375
0 0.19921875 0.81171875 0.0734375 0.0734375
0 0.26953125 0.765625 0.0921875 0.090625
0 0.27890625 0.19609375 0.0890625 0.1421875
0 0.36953125 0.06015625 0.0796875 0.1015625
0 0.37109375 0.45625 0.0578125 0.05
0 0.38515625 0.6375 0.0421875 0.053125
0 0.46953125 0.49765625 0.0453125 0.0453125
0 0.47890625 0.27265625 0.0640625 0.0609375
0 0.51875 0.44609375 0.040625 0.0546875
0 0.54765625 0.02421875 0.1203125 0.0484375
0 0.6234375 0.78203125 0.08125 0.0796875
0 0.7671875 0.709375 0.1 0.1125
0 0.8796875 0.71484375 0.096875 0.1203125
0 0.93046875 0.25625 0.0765625 0.05625
0 0.959375 0.04765625 0.08125 0.0953125