0 0.54296875 0.0953125 0.0328125 0.05625
0 0.69296875 0.153125 0.0984375 0.096875
0 0.76875 0.16953125 0.071875 0.0734375
0 0.18828125 0.19921875 0.0734375 0.0734375
0 0.234375 0.26875 0.090625 0.09375
0 0.803125 0.27890625 0.115625 0.1171875
0 0.93984375 0.36953125 0.1015625 0.0796875
0 0.54375 0.37109375 0.053125 0.0546875
0 0.3625 0.38515625 0.046875 0.0484375
0 0.5015625 0.46953125 0.046875 0.0453125
0 0.72734375 0.47890625 0.0640625 0.0609375
0 0.553125 0.51953125 0.046875 0.0484375
0 0.97578125 0.54765625 0.0484375 0.1203125
0 0.21796875 0.6234375 0.0796875 0.08125
0 0.290625 0.7671875 0.10625 0.10625
0 0.28515625 0.8796875 0.1078125 0.109375
0 0.74375 0.93046875 0.05625 0.0765625
0 0.9515625 0.95703125 0.0875 0.0859375