0 0.9796875 0.134375 0.040625 0.028125
0 0.93359375 0.64375 0.0515625 0.078125
0 0.88984375 0.82890625 0.0484375 0.0578125
0 0.84296875 0.3234375 0.0515625 0.071875
0 0.84375 0.89375 0.034375 0.059375
0 0.74453125 0.196875 0.0578125 0.05
0 0.73828125 0.8140625 0.0484375 0.059375
0 0.671875 0.5671875 0.06875 0.059375
0 0.50625 0.60859375 0.071875 0.0546875
0 0.46875 0.7484375 0.08125 0.04375
0 0.3328125 0.315625 0.06875 0.11875
0 0.3296875 0.815625 0.0875 0.08125
0 0.103125 0.3765625 0.084375 0.06875