0 0.02265625 0.8625 0.0359375 0.0375
0 0.07265625 0.353125 0.0515625 0.078125
0 0.11640625 0.16796875 0.0484375 0.0578125
0 0.1625 0.67265625 0.053125 0.0734375
0 0.1625 0.103125 0.034375 0.059375
0 0.26015625 0.7984375 0.0546875 0.053125
0 0.26640625 0.18359375 0.0546875 0.0546875
0 0.3328125 0.4296875 0.065625 0.0625
0 0.4984375 0.3890625 0.0625 0.0625
0 0.5359375 0.246875 0.08125 0.04375
0 0.6734375 0.68125 0.06875 0.11875
0 0.6765625 0.1796875 0.0875 0.08125
0 0.9015625 0.6203125 0.084375 0.06875