0 0.97734375 0.1359375 0.0453125 0.028125
0 0.92890625 0.6453125 0.0515625 0.078125
0 0.88515625 0.83046875 0.0484375 0.0578125
0 0.83828125 0.325 0.0515625 0.071875
0 0.8390625 0.8953125 0.034375 0.059375
0 0.73984375 0.1984375 0.0578125 0.05
0 0.73359375 0.815625 0.0484375 0.059375
0 0.6671875 0.56875 0.06875 0.059375
0 0.5015625 0.61015625 0.071875 0.0546875
0 0.4640625 0.75 0.08125 0.04375
0 0.328125 0.3171875 0.06875 0.11875
0 0.325 0.8171875 0.0875 0.08125
0 0.0984375 0.378125 0.084375 0.06875