0 0.1375 0.02265625 0.028125 0.0453125
0 0.64375 0.07109375 0.078125 0.0515625
0 0.82734375 0.11484375 0.0578125 0.0484375
0 0.325 0.16171875 0.071875 0.0515625
0 0.8921875 0.1609375 0.059375 0.034375
0 0.2 0.25859375 0.05 0.0578125
0 0.8125 0.26484375 0.059375 0.0484375
0 0.5671875 0.33046875 0.059375 0.0671875
0 0.60859375 0.4953125 0.0546875 0.071875
0 0.7484375 0.5328125 0.04375 0.08125
0 0.3171875 0.66875 0.11875 0.06875
0 0.81484375 0.671875 0.0796875 0.0875
0 0.378125 0.89609375 0.06875 0.0828125