0 0.4921875 0.01875 0.090625 0.0375
0 0.26796875 0.12578125 0.0515625 0.0265625
0 0.3671875 0.1453125 0.053125 0.034375
0 0.30078125 0.16484375 0.0484375 0.0421875
0 0.23359375 0.1703125 0.0453125 0.046875
0 0.58984375 0.39921875 0.0921875 0.0703125
0 0.265625 0.4375 0.05625 0.05625
0 0.0203125 0.45859375 0.040625 0.0765625
0 0.33046875 0.475 0.0453125 0.05625
0 0.015625 0.5640625 0.03125 0.071875
0 0.2796875 0.59296875 0.04375 0.0515625
0 0.32890625 0.65390625 0.0640625 0.0484375
0 0.75234375 0.675 0.0734375 0.06875