0 0.98125 0.4921875 0.0375 0.090625
0 0.87421875 0.26796875 0.0265625 0.0515625
0 0.8546875 0.3671875 0.034375 0.053125
0 0.83515625 0.30078125 0.0421875 0.0484375
0 0.8296875 0.23359375 0.046875 0.0453125
0 0.60078125 0.58984375 0.0703125 0.0921875
0 0.5625 0.265625 0.05625 0.05625
0 0.54140625 0.0203125 0.0765625 0.040625
0 0.525 0.33046875 0.05625 0.0453125
0 0.4359375 0.015625 0.071875 0.03125
0 0.40703125 0.2796875 0.0515625 0.04375
0 0.34609375 0.32890625 0.0484375 0.0640625
0 0.325 0.75234375 0.06875 0.0734375