0 0.02421875 0.5078125 0.0484375 0.065625
0 0.12578125 0.73203125 0.0390625 0.0390625
0 0.1453125 0.6328125 0.034375 0.053125
0 0.16484375 0.69921875 0.0453125 0.0453125
0 0.16953125 0.76640625 0.0453125 0.0453125
0 0.4 0.409375 0.08125 0.08125
0 0.4390625 0.734375 0.05625 0.05625
0 0.459375 0.9765625 0.059375 0.046875
0 0.4765625 0.66953125 0.05 0.0515625
0 0.56640625 0.98046875 0.0515625 0.0390625
0 0.5953125 0.7203125 0.053125 0.04375
0 0.65703125 0.671875 0.0546875 0.05625
0 0.678125 0.2453125 0.071875 0.071875