0 0.5671875 0.0140625 0.0375 0.028125
0 0.64921875 0.03671875 0.0453125 0.0453125
0 0.271875 0.0703125 0.06875 0.0875
0 0.91484375 0.075 0.0609375 0.065625
0 0.56171875 0.0765625 0.0359375 0.046875
0 0.753125 0.1546875 0.0625 0.0625
0 0.4390625 0.3078125 0.09375 0.065625
0 0.91953125 0.3390625 0.0546875 0.053125
0 0.19921875 0.3453125 0.0328125 0.046875
0 0.89921875 0.4171875 0.0421875 0.04375
0 0.4953125 0.42890625 0.059375 0.0609375
0 0.88125 0.4828125 0.059375 0.059375
0 0.17890625 0.51640625 0.0515625 0.0515625
0 0.44375 0.6296875 0.065625 0.065625
0 0.6890625 0.6796875 0.071875 0.078125
0 0.58125 0.709375 0.046875 0.046875
0 0.36875 0.74375 0.065625 0.065625
0 0.365625 0.8203125 0.06875 0.06875
0 0.2046875 0.9578125 0.109375 0.084375
0 0.88671875 0.98671875 0.0390625 0.0265625