0 0.98359375 0.5640625 0.0328125 0.0375
0 0.95859375 0.64609375 0.0453125 0.0453125
0 0.92578125 0.271875 0.0859375 0.06875
0 0.92109375 0.91015625 0.0640625 0.0609375
0 0.9203125 0.56015625 0.046875 0.0359375
0 0.8421875 0.75 0.0625 0.0625
0 0.6890625 0.4375 0.065625 0.09375
0 0.659375 0.91484375 0.053125 0.0546875
0 0.653125 0.19921875 0.046875 0.0328125
0 0.58125 0.89453125 0.04375 0.0421875
0 0.56953125 0.49375 0.0609375 0.059375
0 0.515625 0.8765625 0.059375 0.059375
0 0.48203125 0.17890625 0.0515625 0.0515625
0 0.36953125 0.4421875 0.0640625 0.065625
0 0.3203125 0.68515625 0.078125 0.0703125
0 0.290625 0.578125 0.046875 0.046875
0 0.25625 0.3671875 0.065625 0.065625
0 0.18125 0.36484375 0.06875 0.0671875
0 0.0421875 0.20546875 0.084375 0.1078125
0 0.0140625 0.88203125 0.028125 0.0390625