0 0.98671875 0.56796875 0.0265625 0.0453125
0 0.9625 0.65 0.040625 0.05
0 0.928125 0.271875 0.0875 0.06875
0 0.92421875 0.9140625 0.0578125 0.06875
0 0.9234375 0.56171875 0.046875 0.0359375
0 0.8453125 0.75390625 0.08125 0.0453125
0 0.690625 0.440625 0.065625 0.09375
0 0.6609375 0.91953125 0.05625 0.0515625
0 0.6546875 0.19921875 0.046875 0.0328125
0 0.58203125 0.89921875 0.0515625 0.0359375
0 0.57109375 0.4953125 0.0609375 0.059375
0 0.515625 0.88125 0.046875 0.071875
0 0.48203125 0.1796875 0.0515625 0.05
0 0.36875 0.44375 0.071875 0.059375
0 0.3203125 0.6890625 0.078125 0.071875
0 0.2890625 0.58125 0.046875 0.046875
0 0.2546875 0.36875 0.053125 0.075
0 0.1796875 0.365625 0.06875 0.06875
0 0.028125 0.20625 0.05625 0.15625
0 0.00546875 0.88828125 0.0109375 0.0640625