0 0.01484375 0.43515625 0.0296875 0.0453125
0 0.040625 0.353125 0.040625 0.05
0 0.07421875 0.728125 0.0859375 0.06875
0 0.07890625 0.08984375 0.0578125 0.0671875
0 0.0796875 0.43984375 0.046875 0.0359375
0 0.1578125 0.24921875 0.08125 0.0453125
0 0.3109375 0.56171875 0.065625 0.0921875
0 0.340625 0.08515625 0.05625 0.0515625
0 0.346875 0.80078125 0.046875 0.0328125
0 0.41953125 0.10546875 0.0515625 0.0359375
0 0.43046875 0.50625 0.0609375 0.059375
0 0.484375 0.1234375 0.046875 0.071875
0 0.51796875 0.8203125 0.0515625 0.05
0 0.63046875 0.5578125 0.0703125 0.059375
0 0.6796875 0.31484375 0.078125 0.0703125
0 0.709375 0.421875 0.046875 0.046875
0 0.74375 0.6328125 0.053125 0.075
0 0.81875 0.63515625 0.06875 0.0671875
0 0.9703125 0.79375 0.059375 0.15625
0 0.99296875 0.11640625 0.0140625 0.0640625