0 0.56484375 0.01484375 0.0453125 0.0296875
0 0.646875 0.040625 0.05 0.040625
0 0.271875 0.07421875 0.06875 0.0859375
0 0.91015625 0.07890625 0.0671875 0.0578125
0 0.56015625 0.0796875 0.0359375 0.046875
0 0.75078125 0.1578125 0.0453125 0.08125
0 0.43828125 0.3109375 0.0921875 0.065625
0 0.91484375 0.340625 0.0515625 0.05625
0 0.19921875 0.346875 0.0328125 0.046875
0 0.89453125 0.41953125 0.0359375 0.0515625
0 0.49375 0.43046875 0.059375 0.0609375
0 0.8765625 0.484375 0.071875 0.046875
0 0.1796875 0.51796875 0.05 0.0515625
0 0.4421875 0.63046875 0.059375 0.0703125
0 0.68515625 0.6796875 0.0703125 0.078125
0 0.578125 0.709375 0.046875 0.046875
0 0.3671875 0.74375 0.075 0.053125
0 0.36484375 0.81875 0.0671875 0.06875
0 0.20625 0.9703125 0.15625 0.059375
0 0.88359375 0.99296875 0.0640625 0.0140625