0 0.57734375 0.05078125 0.1171875 0.1015625
0 0.31015625 0.06171875 0.0546875 0.0359375
0 0.80546875 0.14375 0.0515625 0.040625
0 0.1515625 0.17109375 0.04375 0.0484375
0 0.271875 0.25390625 0.059375 0.0578125
0 0.8671875 0.2625 0.053125 0.05625
0 0.309375 0.34375 0.040625 0.0625
0 0.68984375 0.4875 0.0578125 0.053125
0 0.25 0.54140625 0.078125 0.0640625
0 0.54296875 0.61484375 0.0328125 0.0515625
0 0.6859375 0.62578125 0.059375 0.0734375
0 0.47734375 0.71171875 0.0546875 0.0515625
0 0.853125 0.72578125 0.084375 0.0953125
0 0.32890625 0.94921875 0.0921875 0.0671875
0 0.81953125 0.97734375 0.0546875 0.0453125
0 0.70390625 0.98515625 0.0703125 0.0296875