0 0.5765625 0.05234375 0.109375 0.1046875
0 0.309375 0.0609375 0.04375 0.046875
0 0.80546875 0.14375 0.0453125 0.046875
0 0.1515625 0.17109375 0.04375 0.0484375
0 0.27109375 0.25390625 0.0578125 0.0578125
0 0.8671875 0.2625 0.053125 0.05625
0 0.309375 0.34375 0.040625 0.0625
0 0.68984375 0.4875 0.0546875 0.05625
0 0.25 0.54140625 0.078125 0.0640625
0 0.54296875 0.61484375 0.0421875 0.0421875
0 0.6859375 0.62578125 0.065625 0.0671875
0 0.47734375 0.7109375 0.0546875 0.053125
0 0.853125 0.72578125 0.090625 0.0890625
0 0.328125 0.9484375 0.078125 0.08125
0 0.81875 0.97578125 0.05 0.0484375
0 0.703125 0.9796875 0.05 0.040625