0 0.01484375 0.46875 0.0296875 0.053125
0 0.02265625 0.18828125 0.0453125 0.0546875
0 0.0921875 0.3046875 0.05625 0.05625
0 0.1140625 0.40078125 0.05 0.0515625
0 0.13828125 0.48515625 0.0453125 0.0453125
0 0.1859375 0.40078125 0.053125 0.0546875
0 0.225 0.9265625 0.075 0.075
0 0.259375 0.7625 0.071875 0.071875
0 0.37734375 0.2296875 0.0390625 0.0625
0 0.5609375 0.86875 0.06875 0.0875
0 0.6359375 0.315625 0.046875 0.034375
0 0.77734375 0.5765625 0.0578125 0.059375
0 0.86640625 0.29375 0.0609375 0.0625