0 0.98125 0.53203125 0.0375 0.0421875
0 0.975 0.81171875 0.05 0.0546875
0 0.9046875 0.6953125 0.059375 0.053125
0 0.8828125 0.60078125 0.05 0.0515625
0 0.85859375 0.51640625 0.0453125 0.0453125
0 0.8109375 0.60078125 0.053125 0.0546875
0 0.771875 0.078125 0.075 0.075
0 0.73828125 0.240625 0.0703125 0.071875
0 0.62109375 0.7703125 0.0515625 0.05
0 0.43828125 0.13515625 0.0671875 0.0859375
0 0.3640625 0.6859375 0.040625 0.040625
0 0.221875 0.4265625 0.040625 0.075
0 0.13515625 0.70625 0.0609375 0.0625