0 0.0171875 0.4671875 0.034375 0.053125
0 0.02265625 0.18828125 0.0453125 0.0640625
0 0.09609375 0.30390625 0.0609375 0.0546875
0 0.11796875 0.39921875 0.0453125 0.0546875
0 0.14140625 0.48359375 0.0484375 0.0421875
0 0.1890625 0.39921875 0.053125 0.0546875
0 0.228125 0.921875 0.075 0.075
0 0.26171875 0.759375 0.0734375 0.06875
0 0.37890625 0.2296875 0.0390625 0.0625
0 0.56171875 0.86484375 0.0671875 0.0859375
0 0.6359375 0.3140625 0.046875 0.034375
0 0.778125 0.5734375 0.040625 0.075
0 0.8640625 0.29375 0.05625 0.065625