0 0.3 0.66328125 0.05625 0.0421875
0 0.32109375 0.51015625 0.0484375 0.0640625
0 0.0890625 0.15625 0.028125 0.04375
0 0.1390625 0.153125 0.028125 0.025
0 0.17265625 0.08515625 0.0234375 0.0234375
0 0.23671875 0.0109375 0.0734375 0.021875
0 0.5078125 0.0640625 0.046875 0.040625
0 0.765625 0.76796875 0.046875 0.0328125
0 0.840625 0.73828125 0.053125 0.0328125
0 0.7078125 0.51875 0.046875 0.028125
0 0.70546875 0.44765625 0.0546875 0.0328125
0 0.459375 0.7515625 0.05625 0.046875
0 0.4109375 0.7171875 0.03125 0.028125
0 0.22265625 0.8046875 0.0234375 0.028125
0 0.38203125 0.903125 0.0265625 0.01875
0 0.04453125 0.48359375 0.0515625 0.1046875