0 0.296875 0.66484375 0.05 0.0484375
0 0.31953125 0.5109375 0.0578125 0.05625
0 0.0859375 0.1546875 0.028125 0.04375
0 0.1359375 0.1515625 0.025 0.028125
0 0.16953125 0.08359375 0.0234375 0.0234375
0 0.2328125 0.01640625 0.046875 0.0328125
0 0.50625 0.0609375 0.046875 0.040625
0 0.76484375 0.76953125 0.0390625 0.0390625
0 0.8421875 0.740625 0.04375 0.04375
0 0.7078125 0.51875 0.0375 0.0375
0 0.70546875 0.44765625 0.0546875 0.0328125
0 0.4578125 0.753125 0.05625 0.046875
0 0.41015625 0.71953125 0.0296875 0.0296875
0 0.21953125 0.80703125 0.0265625 0.0265625
0 0.38046875 0.90625 0.0265625 0.01875
0 0.0390625 0.484375 0.05 0.10625