0 0.33828125 0.2984375 0.0421875 0.05625
0 0.490625 0.32109375 0.065625 0.0484375
0 0.8484375 0.0875 0.04375 0.028125
0 0.8515625 0.1375 0.028125 0.025
0 0.91953125 0.17109375 0.0234375 0.0234375
0 0.984375 0.234375 0.03125 0.046875
0 0.940625 0.5078125 0.04375 0.04375
0 0.23203125 0.76640625 0.0390625 0.0390625
0 0.2609375 0.84375 0.04375 0.04375
0 0.4828125 0.709375 0.0375 0.0375
0 0.5546875 0.70703125 0.04375 0.0421875
0 0.2484375 0.46015625 0.053125 0.0515625
0 0.28203125 0.41171875 0.0296875 0.0296875
0 0.1953125 0.22109375 0.028125 0.0234375
0 0.096875 0.38203125 0.01875 0.0265625
0 0.51875 0.040625 0.078125 0.078125