0 0.33515625 0.2984375 0.0484375 0.05
0 0.4875 0.32109375 0.05625 0.0578125
0 0.8453125 0.0875 0.04375 0.028125
0 0.8484375 0.1375 0.028125 0.025
0 0.91640625 0.17109375 0.0234375 0.0234375
0 0.9828125 0.234375 0.034375 0.046875
0 0.9375 0.5078125 0.040625 0.046875
0 0.22890625 0.76640625 0.0390625 0.0390625
0 0.2578125 0.84375 0.04375 0.04375
0 0.4796875 0.709375 0.0375 0.0375
0 0.55078125 0.70703125 0.0328125 0.0546875
0 0.2453125 0.459375 0.046875 0.05625
0 0.27890625 0.41171875 0.0296875 0.0296875
0 0.19140625 0.22109375 0.0265625 0.0265625
0 0.09375 0.38203125 0.01875 0.0265625
0 0.515625 0.040625 0.10625 0.05