0 0.33671875 0.3 0.0421875 0.05625
0 0.4890625 0.32109375 0.065625 0.0484375
0 0.84375 0.0890625 0.04375 0.028125
0 0.846875 0.1390625 0.028125 0.025
0 0.91484375 0.17265625 0.0234375 0.0234375
0 0.98203125 0.2359375 0.0359375 0.046875
0 0.9359375 0.5078125 0.04375 0.04375
0 0.23203125 0.76484375 0.0390625 0.0390625
0 0.2609375 0.840625 0.04375 0.04375
0 0.48125 0.7078125 0.0375 0.0375
0 0.553125 0.70546875 0.04375 0.0421875
0 0.2484375 0.46015625 0.053125 0.0515625
0 0.28203125 0.41171875 0.0296875 0.0296875
0 0.1953125 0.22265625 0.028125 0.0234375
0 0.096875 0.38203125 0.01875 0.0265625
0 0.51640625 0.04375 0.0765625 0.078125