0 0.871875 0.58203125 0.0375 0.0296875
0 0.84609375 0.653125 0.0296875 0.025
0 0.815625 0.57734375 0.025 0.0265625
0 0.80703125 0.640625 0.0296875 0.028125
0 0.79765625 0.359375 0.0296875 0.028125
0 0.79765625 0.425 0.0265625 0.028125
0 0.771875 0.74140625 0.053125 0.0515625
0 0.75859375 0.51953125 0.0265625 0.0265625
0 0.70234375 0.43515625 0.0328125 0.0328125
0 0.68984375 0.325 0.0890625 0.0875
0 0.59921875 0.146875 0.0609375 0.0625
0 0.5046875 0.94296875 0.05 0.0484375
0 0.46875 0.31640625 0.04375 0.0640625
0 0.46484375 0.690625 0.0484375 0.05
0 0.43828125 0.4515625 0.0359375 0.059375
0 0.41484375 0.85078125 0.0328125 0.0328125
0 0.37734375 0.965625 0.0484375 0.040625
0 0.32265625 0.93125 0.0671875 0.06875
0 0.2890625 0.8640625 0.0375 0.0375
0 0.2875 0.7828125 0.05 0.025
0 0.253125 0.2984375 0.04375 0.04375
0 0.22109375 0.70390625 0.0578125 0.0578125
0 0.159375 0.53046875 0.04375 0.0484375
0 0.15859375 0.6234375 0.0734375 0.071875
0 0.15078125 0.43046875 0.0453125 0.0453125
0 0.0953125 0.16015625 0.065625 0.0640625
0 0.0609375 0.509375 0.046875 0.053125