0 0.12890625 0.41796875 0.0328125 0.0328125
0 0.15390625 0.346875 0.0265625 0.028125
0 0.184375 0.42265625 0.025 0.0265625
0 0.19296875 0.359375 0.0296875 0.028125
0 0.20234375 0.640625 0.0296875 0.028125
0 0.20234375 0.575 0.0265625 0.028125
0 0.228125 0.25859375 0.053125 0.0515625
0 0.2421875 0.48125 0.025 0.028125
0 0.29765625 0.56484375 0.0328125 0.0296875
0 0.31015625 0.675 0.0890625 0.0875
0 0.40078125 0.853125 0.0609375 0.0625
0 0.4953125 0.05703125 0.05 0.0484375
0 0.53125 0.68359375 0.053125 0.0546875
0 0.53515625 0.309375 0.0484375 0.05
0 0.56171875 0.5484375 0.0484375 0.046875
0 0.58515625 0.14921875 0.0296875 0.0390625
0 0.62265625 0.034375 0.0453125 0.04375
0 0.67734375 0.06875 0.0671875 0.06875
0 0.7109375 0.1359375 0.0375 0.0375
0 0.7125 0.2171875 0.0375 0.0375
0 0.746875 0.7015625 0.04375 0.04375
0 0.77890625 0.29609375 0.0578125 0.0578125
0 0.840625 0.46953125 0.04375 0.0484375
0 0.84140625 0.3765625 0.0734375 0.071875
0 0.84921875 0.56953125 0.0453125 0.0453125
0 0.9046875 0.83984375 0.065625 0.0640625
0 0.9390625 0.490625 0.05 0.05