0 0.246875 0.0109375 0.059375 0.021875
0 0.66015625 0.05859375 0.0453125 0.0640625
0 0.765625 0.13203125 0.0375 0.0828125
0 0.54296875 0.28984375 0.0421875 0.0765625
0 0.5328125 0.51796875 0.0375 0.0453125
0 0.08203125 0.525 0.0453125 0.0375
0 0.14453125 0.61640625 0.0515625 0.0453125
0 0.46171875 0.61640625 0.0390625 0.0453125
0 0.7515625 0.69765625 0.05625 0.0515625
0 0.46015625 0.71171875 0.0234375 0.0515625
0 0.64921875 0.73984375 0.0546875 0.0453125
0 0.671875 0.97421875 0.078125 0.0515625
0 0.1640625 0.98203125 0.128125 0.0359375