0 0.00859375 0.7546875 0.0171875 0.059375
0 0.0546875 0.33984375 0.065625 0.0453125
0 0.128125 0.2328125 0.084375 0.0375
0 0.2875 0.45703125 0.078125 0.0421875
0 0.51640625 0.4671875 0.0453125 0.0375
0 0.5234375 0.92109375 0.0375 0.0453125
0 0.61640625 0.85859375 0.0453125 0.0515625
0 0.61640625 0.53828125 0.0453125 0.0390625
0 0.69765625 0.246875 0.0515625 0.05625
0 0.71171875 0.53984375 0.0515625 0.0234375
0 0.73984375 0.35078125 0.0453125 0.0546875
0 0.975 0.328125 0.05 0.078125
0 0.9828125 0.8390625 0.034375 0.128125