0 0.3953125 0.15 0.078125 0.078125
0 0.58515625 0.02734375 0.0546875 0.0515625
0 0.5328125 0.115625 0.040625 0.040625
0 0.63984375 0.0875 0.0609375 0.059375
0 0.778125 0.37890625 0.025 0.0546875
0 0.40390625 0.41875 0.0421875 0.04375
0 0.7203125 0.4296875 0.04375 0.04375
0 0.89375 0.609375 0.06875 0.05625
0 0.4828125 0.8578125 0.071875 0.078125
0 0.6265625 0.9515625 0.09375 0.06875
0 0.25625 0.72578125 0.03125 0.0296875
0 0.31953125 0.8234375 0.0453125 0.046875
0 0.42421875 0.6984375 0.0390625 0.040625
0 0.3953125 0.6234375 0.0375 0.0375
0 0.20078125 0.57265625 0.0390625 0.0390625
0 0.01171875 0.4171875 0.0234375 0.071875
0 0.09765625 0.4328125 0.0234375 0.025
0 0.14765625 0.25703125 0.0453125 0.0453125
0 0.2421875 0.11015625 0.0375 0.0359375
0 0.24921875 0.2109375 0.0296875 0.025
0 0.2421875 0.3078125 0.025 0.028125