0 0.3921875 0.15078125 0.078125 0.0765625
0 0.58046875 0.02890625 0.0546875 0.0515625
0 0.5296875 0.115625 0.040625 0.040625
0 0.63515625 0.0875 0.0609375 0.059375
0 0.7734375 0.37734375 0.025 0.0546875
0 0.40078125 0.4171875 0.0421875 0.04375
0 0.715625 0.428125 0.04375 0.04375
0 0.88828125 0.60625 0.0671875 0.05625
0 0.4796875 0.853125 0.071875 0.078125
0 0.621875 0.94609375 0.09375 0.0671875
0 0.2546875 0.72265625 0.03125 0.0296875
0 0.31640625 0.81875 0.0453125 0.046875
0 0.42109375 0.6953125 0.0390625 0.040625
0 0.3921875 0.6203125 0.0375 0.0375
0 0.19921875 0.56953125 0.0390625 0.0390625
0 0.01171875 0.415625 0.0234375 0.071875
0 0.09609375 0.43125 0.0234375 0.025
0 0.14609375 0.25703125 0.0453125 0.0453125
0 0.240625 0.11015625 0.0375 0.0359375
0 0.24765625 0.2109375 0.0296875 0.025
0 0.240625 0.3078125 0.025 0.028125