0 0.3921875 0.15078125 0.078125 0.0765625
0 0.58046875 0.02890625 0.0515625 0.0546875
0 0.5296875 0.115625 0.034375 0.046875
0 0.63515625 0.0875 0.0703125 0.05
0 0.7734375 0.37734375 0.025 0.0546875
0 0.40078125 0.4171875 0.0390625 0.046875
0 0.715625 0.428125 0.040625 0.046875
0 0.88828125 0.60625 0.0671875 0.05625
0 0.48046875 0.853125 0.0734375 0.078125
0 0.62265625 0.94609375 0.0921875 0.0671875
0 0.25390625 0.72265625 0.0328125 0.0296875
0 0.31640625 0.81875 0.0453125 0.046875
0 0.4203125 0.6953125 0.040625 0.0375
0 0.3921875 0.6203125 0.034375 0.040625
0 0.19921875 0.56953125 0.0421875 0.0359375
0 0.01171875 0.415625 0.0234375 0.071875
0 0.09609375 0.43125 0.0265625 0.021875
0 0.14609375 0.2578125 0.0359375 0.05625
0 0.240625 0.11015625 0.05 0.0234375
0 0.24765625 0.2109375 0.0296875 0.025
0 0.240625 0.3078125 0.03125 0.021875