0 0.15078125 0.6078125 0.0765625 0.078125
0 0.02890625 0.41953125 0.0546875 0.0515625
0 0.115625 0.4703125 0.040625 0.040625
0 0.0875 0.36484375 0.05 0.0703125
0 0.37734375 0.2265625 0.0546875 0.025
0 0.4171875 0.59921875 0.04375 0.0421875
0 0.428125 0.284375 0.04375 0.04375
0 0.60546875 0.11171875 0.0609375 0.0609375
0 0.853125 0.5203125 0.075 0.075
0 0.94609375 0.37734375 0.0796875 0.0796875
0 0.72265625 0.7453125 0.0296875 0.03125
0 0.81875 0.68359375 0.046875 0.0453125
0 0.6953125 0.57890625 0.040625 0.0390625
0 0.6203125 0.6078125 0.040625 0.034375
0 0.56953125 0.80078125 0.0390625 0.0390625
0 0.41484375 0.9828125 0.0484375 0.034375
0 0.43125 0.90390625 0.021875 0.0265625
0 0.25703125 0.85390625 0.0453125 0.0453125
0 0.11015625 0.759375 0.0359375 0.0375
0 0.2109375 0.75234375 0.025 0.0296875
0 0.3078125 0.759375 0.028125 0.025