0 0.8515625 0.39375 0.078125 0.078125
0 0.9734375 0.58359375 0.053125 0.0515625
0 0.8875 0.53125 0.040625 0.040625
0 0.915625 0.6375 0.05 0.071875
0 0.62421875 0.7765625 0.0546875 0.025
0 0.584375 0.40234375 0.04375 0.0421875
0 0.5734375 0.71875 0.04375 0.04375
0 0.39453125 0.89296875 0.0609375 0.0609375
0 0.1453125 0.48125 0.075 0.075
0 0.0515625 0.62578125 0.08125 0.0796875
0 0.27578125 0.2546875 0.0296875 0.03125
0 0.1796875 0.31796875 0.046875 0.0453125
0 0.303125 0.42265625 0.040625 0.0390625
0 0.3796875 0.39375 0.040625 0.034375
0 0.43046875 0.19921875 0.0390625 0.0390625
0 0.58671875 0.01640625 0.0484375 0.0328125
0 0.5703125 0.09609375 0.021875 0.0265625
0 0.74453125 0.14609375 0.0453125 0.0453125
0 0.89296875 0.240625 0.0359375 0.0375
0 0.790625 0.24765625 0.025 0.0296875
0 0.69375 0.240625 0.028125 0.025