0 0.140625 0.803125 0.065625 0.071875
0 0.30859375 0.696875 0.0546875 0.05625
0 0.63515625 0.96171875 0.0578125 0.0578125
0 0.68828125 0.9578125 0.0609375 0.075
0 0.65625 0.86484375 0.03125 0.0453125
0 0.390625 0.884375 0.059375 0.059375
0 0.56875 0.7328125 0.05 0.05
0 0.57578125 0.51796875 0.0546875 0.0546875
0 0.84921875 0.525 0.0515625 0.05
0 0.846875 0.7859375 0.05625 0.053125
0 0.7609375 0.43359375 0.04375 0.0421875
0 0.796875 0.484375 0.06875 0.06875
0 0.640625 0.18359375 0.028125 0.0296875
0 0.5734375 0.17265625 0.0375 0.0359375
0 0.4828125 0.3046875 0.05 0.05
0 0.4046875 0.11875 0.046875 0.078125
0 0.1703125 0.27890625 0.08125 0.0453125
0 0.22421875 0.19296875 0.0484375 0.0484375
0 0.28359375 0.1953125 0.0265625 0.04375
0 0.2671875 0.46953125 0.0625 0.0140625
0 0.278125 0.3984375 0.0375 0.0375