0 0.19921875 0.14296875 0.0703125 0.0640625
0 0.30546875 0.309375 0.0546875 0.05625
0 0.04140625 0.634375 0.0828125 0.03125
0 0.04609375 0.68671875 0.0734375 0.0609375
0 0.13828125 0.6546875 0.0453125 0.03125
0 0.11875 0.39140625 0.053125 0.0671875
0 0.26875 0.5671875 0.034375 0.065625
0 0.48203125 0.575 0.0546875 0.05625
0 0.475 0.84609375 0.05 0.0515625
0 0.215625 0.84375 0.071875 0.0375
0 0.56640625 0.76015625 0.0421875 0.0453125
0 0.51640625 0.7953125 0.0765625 0.05625
0 0.81484375 0.6390625 0.0234375 0.034375
0 0.82578125 0.571875 0.0453125 0.028125
0 0.69375 0.4828125 0.05 0.05
0 0.87890625 0.40546875 0.0765625 0.0453125
0 0.71953125 0.17265625 0.0453125 0.0828125
0 0.80546875 0.22578125 0.0453125 0.0515625
0 0.803125 0.28515625 0.04375 0.0265625
0 0.53046875 0.26953125 0.0140625 0.0609375
0 0.6015625 0.2796875 0.028125 0.046875