0 0.1984375 0.140625 0.071875 0.065625
0 0.30390625 0.3078125 0.0546875 0.05625
0 0.03984375 0.634375 0.0796875 0.03125
0 0.04375 0.68828125 0.075 0.0609375
0 0.13671875 0.65625 0.0453125 0.03125
0 0.1171875 0.390625 0.053125 0.06875
0 0.2671875 0.56875 0.034375 0.065625
0 0.48203125 0.5765625 0.0546875 0.05625
0 0.475 0.84921875 0.05 0.0515625
0 0.2140625 0.846875 0.071875 0.0375
0 0.56796875 0.76171875 0.0421875 0.0453125
0 0.5171875 0.796875 0.078125 0.05625
0 0.81796875 0.640625 0.0234375 0.034375
0 0.82890625 0.5734375 0.0453125 0.028125
0 0.6953125 0.4828125 0.05 0.05
0 0.88125 0.40546875 0.078125 0.0453125
0 0.72109375 0.1703125 0.0453125 0.084375
0 0.80703125 0.22421875 0.0453125 0.0515625
0 0.8046875 0.28359375 0.04375 0.0265625
0 0.53046875 0.26796875 0.0140625 0.0609375
0 0.603125 0.278125 0.028125 0.046875