0 0.8578125 0.2 0.065625 0.071875
0 0.68984375 0.3046875 0.0546875 0.05625
0 0.36484375 0.03984375 0.0578125 0.0578125
0 0.31015625 0.0453125 0.0609375 0.075
0 0.34375 0.13828125 0.03125 0.0453125
0 0.609375 0.11875 0.059375 0.059375
0 0.43125 0.26875 0.05 0.05
0 0.42421875 0.48359375 0.0546875 0.0546875
0 0.15078125 0.4765625 0.0515625 0.05
0 0.153125 0.215625 0.05625 0.053125
0 0.2375 0.56953125 0.04375 0.0421875
0 0.203125 0.51875 0.06875 0.06875
0 0.359375 0.81953125 0.028125 0.0296875
0 0.4265625 0.83046875 0.0375 0.0359375
0 0.515625 0.696875 0.05 0.05
0 0.5953125 0.8828125 0.046875 0.078125
0 0.8296875 0.72265625 0.08125 0.0453125
0 0.77421875 0.80859375 0.0484375 0.0484375
0 0.71484375 0.80625 0.0265625 0.04375
0 0.73125 0.53203125 0.0625 0.0140625
0 0.7203125 0.6046875 0.0375 0.0375