0 0.971875 0.68125 0.05625 0.040625
0 0.71875 0.60390625 0.071875 0.0546875
0 0.6546875 0.23359375 0.0375 0.0640625
0 0.61484375 0.265625 0.0421875 0.0375
0 0.4203125 0.3921875 0.040625 0.05
0 0.39921875 0.27578125 0.0515625 0.0453125
0 0.140625 0.29296875 0.103125 0.0546875
0 0.17421875 0.73203125 0.0796875 0.0828125
0 0.1765625 0.66796875 0.04375 0.0421875
0 0.12265625 0.53046875 0.0390625 0.0703125
0 0.36328125 0.82734375 0.0359375 0.0578125
0 0.68203125 0.8046875 0.0703125 0.078125
0 0.990625 0.91484375 0.01875 0.0890625