0 0.9734375 0.684375 0.053125 0.040625
0 0.7203125 0.60625 0.065625 0.0625
0 0.65625 0.23359375 0.05 0.0515625
0 0.61640625 0.265625 0.0390625 0.040625
0 0.4203125 0.39375 0.040625 0.05
0 0.39921875 0.27578125 0.0484375 0.0484375
0 0.1390625 0.29375 0.08125 0.08125
0 0.171875 0.73515625 0.08125 0.0828125
0 0.175 0.67109375 0.04375 0.0421875
0 0.12109375 0.53203125 0.0546875 0.0546875
0 0.3640625 0.83203125 0.046875 0.0453125
0 0.6828125 0.80859375 0.071875 0.0796875
0 0.9921875 0.91875 0.015625 0.090625