0 0.68125 0.028125 0.040625 0.05625
0 0.603125 0.28203125 0.0625 0.0640625
0 0.23359375 0.3453125 0.0515625 0.05
0 0.265625 0.38515625 0.040625 0.0390625
0 0.3921875 0.5796875 0.05 0.040625
0 0.27578125 0.60078125 0.0484375 0.0484375
0 0.29296875 0.85859375 0.0796875 0.0796875
0 0.73125 0.82578125 0.08125 0.0796875
0 0.66796875 0.8234375 0.0421875 0.04375
0 0.53046875 0.87734375 0.0546875 0.0546875
0 0.82734375 0.6359375 0.0453125 0.046875
0 0.8046875 0.31796875 0.078125 0.0703125
0 0.91484375 0.009375 0.0890625 0.01875