0 0.02890625 0.31796875 0.0484375 0.0484375
0 0.28203125 0.396875 0.0640625 0.0625
0 0.3453125 0.76640625 0.05 0.0515625
0 0.38515625 0.734375 0.0421875 0.0375
0 0.58046875 0.60703125 0.0453125 0.0453125
0 0.60078125 0.72421875 0.0515625 0.0453125
0 0.85859375 0.70703125 0.0796875 0.0796875
0 0.82578125 0.26875 0.0796875 0.08125
0 0.8234375 0.33203125 0.04375 0.0421875
0 0.87734375 0.46953125 0.0546875 0.0546875
0 0.6359375 0.17265625 0.046875 0.0453125
0 0.31796875 0.1953125 0.0734375 0.075
0 0.01796875 0.0859375 0.0359375 0.053125