0 0.02578125 0.31953125 0.0484375 0.0484375
0 0.28125 0.3984375 0.065625 0.0625
0 0.3453125 0.76953125 0.05 0.0515625
0 0.38515625 0.7375 0.0421875 0.0375
0 0.58203125 0.61015625 0.0453125 0.0453125
0 0.60234375 0.72734375 0.0515625 0.0453125
0 0.8609375 0.7109375 0.08125 0.08125
0 0.828125 0.26875 0.08125 0.08125
0 0.8265625 0.33359375 0.04375 0.0421875
0 0.88046875 0.47109375 0.0546875 0.0546875
0 0.6375 0.17265625 0.046875 0.0453125
0 0.3171875 0.1953125 0.075 0.075
0 0.01640625 0.0859375 0.0328125 0.053125