0 0.878125 0.421875 0.08125 0.09375
0 0.81484375 0.21484375 0.0703125 0.0703125
0 0.7359375 0.33671875 0.078125 0.0796875
0 0.55625 0.53515625 0.075 0.0734375
0 0.640625 0.60078125 0.04375 0.0453125
0 0.74296875 0.65859375 0.0328125 0.0328125
0 0.72890625 0.734375 0.0359375 0.0375
0 0.728125 0.82109375 0.0375 0.0390625
0 0.4515625 0.72265625 0.05 0.0515625
0 0.453125 0.8921875 0.028125 0.03125
0 0.35390625 0.7609375 0.0390625 0.0375
0 0.18203125 0.484375 0.0640625 0.065625
0 0.13671875 0.33671875 0.0578125 0.0765625
0 0.0484375 0.77734375 0.053125 0.0546875
0 0.14921875 0.26171875 0.0265625 0.0265625
0 0.29375 0.1921875 0.040625 0.034375
0 0.45859375 0.303125 0.0484375 0.05
0 0.50234375 0.175 0.0328125 0.04375
0 0.63515625 0.15 0.0296875 0.03125
0 0.7109375 0.165625 0.034375 0.0375
0 0.6046875 0.0140625 0.046875 0.028125
0 0.73046875 0.02578125 0.0484375 0.0484375