0 0.121875 0.578125 0.08125 0.09375
0 0.18515625 0.784375 0.0703125 0.06875
0 0.2640625 0.66328125 0.0875 0.0703125
0 0.44375 0.46484375 0.04375 0.1046875
0 0.359375 0.3984375 0.05 0.040625
0 0.25703125 0.340625 0.0390625 0.028125
0 0.27109375 0.26484375 0.0421875 0.0328125
0 0.271875 0.178125 0.028125 0.05
0 0.5484375 0.27734375 0.05 0.0515625
0 0.546875 0.1078125 0.034375 0.025
0 0.64609375 0.23828125 0.0421875 0.0328125
0 0.81796875 0.51484375 0.0671875 0.0640625
0 0.86328125 0.66328125 0.0578125 0.0765625
0 0.9515625 0.22265625 0.05625 0.0515625
0 0.8515625 0.73828125 0.025 0.0296875
0 0.70625 0.80703125 0.040625 0.0328125
0 0.54140625 0.696875 0.0453125 0.053125
0 0.49765625 0.825 0.0328125 0.04375
0 0.36484375 0.85078125 0.0390625 0.0234375
0 0.2890625 0.834375 0.034375 0.0375
0 0.39609375 0.9859375 0.0453125 0.028125
0 0.26953125 0.97421875 0.0453125 0.0515625