0 0.8828125 0.421875 0.08125 0.09375
0 0.81875 0.2140625 0.071875 0.071875
0 0.7390625 0.3359375 0.078125 0.08125
0 0.5578125 0.5359375 0.075 0.075
0 0.64375 0.60234375 0.04375 0.0453125
0 0.74609375 0.66015625 0.0328125 0.0328125
0 0.73203125 0.7359375 0.0359375 0.0375
0 0.73125 0.82421875 0.0375 0.0390625
0 0.453125 0.72421875 0.05 0.0515625
0 0.4546875 0.8953125 0.028125 0.03125
0 0.35546875 0.7625 0.0390625 0.0375
0 0.18125 0.484375 0.065625 0.065625
0 0.13671875 0.3359375 0.0578125 0.078125
0 0.046875 0.77890625 0.053125 0.0546875
0 0.14921875 0.26015625 0.0265625 0.0265625
0 0.29375 0.190625 0.040625 0.034375
0 0.46015625 0.3015625 0.0484375 0.05
0 0.50390625 0.1734375 0.0328125 0.04375
0 0.63828125 0.1484375 0.0296875 0.03125
0 0.7140625 0.1640625 0.034375 0.0375
0 0.6078125 0.0125 0.046875 0.025
0 0.73359375 0.0234375 0.0484375 0.046875