0 0.7203125 0.78984375 0.0375 0.0734375
0 0.6390625 0.72421875 0.04375 0.0546875
0 0.6390625 0.66015625 0.046875 0.0328125
0 0.60703125 0.47890625 0.0640625 0.0734375
0 0.43125 0.921875 0.053125 0.053125
0 0.28671875 0.54296875 0.0609375 0.0640625
0 0.35625 0.66484375 0.046875 0.0453125
0 0.02734375 0.53828125 0.0546875 0.0515625
0 0.2484375 0.95234375 0.11875 0.0671875
0 0.34453125 0.97421875 0.0703125 0.0515625
0 0.253125 0.82578125 0.06875 0.0359375
0 0.33125 0.16171875 0.078125 0.0546875
0 0.125 0.1921875 0.05625 0.046875
0 0.90859375 0.4671875 0.0453125 0.04375