0 0.209375 0.7203125 0.05625 0.05625
0 0.27578125 0.6390625 0.0484375 0.05
0 0.3390625 0.6390625 0.040625 0.040625
0 0.5203125 0.60703125 0.071875 0.0640625
0 0.078125 0.43125 0.053125 0.053125
0 0.45625 0.28671875 0.0625 0.0609375
0 0.33515625 0.35625 0.0453125 0.046875
0 0.46171875 0.02734375 0.0515625 0.0546875
0 0.04765625 0.2484375 0.0921875 0.09375
0 0.028125 0.34453125 0.05625 0.0609375
0 0.17421875 0.253125 0.0515625 0.053125
0 0.8375 0.33125 0.05625 0.078125
0 0.8078125 0.125 0.046875 0.05625
0 0.5328125 0.9078125 0.04375 0.046875