0 0.7203125 0.7921875 0.05625 0.05625
0 0.6390625 0.72578125 0.05 0.0484375
0 0.6390625 0.6625 0.040625 0.040625
0 0.60625 0.4796875 0.065625 0.071875
0 0.4296875 0.925 0.053125 0.053125
0 0.28359375 0.54375 0.0609375 0.0625
0 0.3546875 0.66640625 0.046875 0.0453125
0 0.025 0.53828125 0.05 0.0515625
0 0.24453125 0.9546875 0.0953125 0.090625
0 0.34296875 0.9734375 0.0609375 0.053125
0 0.25 0.82890625 0.053125 0.0515625
0 0.3296875 0.1609375 0.078125 0.05625
0 0.121875 0.190625 0.05625 0.046875
0 0.909375 0.4671875 0.046875 0.04375