0 0.53828125 0.36015625 0.0484375 0.0484375
0 0.6328125 0.2484375 0.040625 0.0375
0 0.56640625 0.17109375 0.0484375 0.0484375
0 0.23359375 0.5078125 0.0515625 0.071875
0 0.44609375 0.61640625 0.0234375 0.0234375
0 0.47421875 0.68359375 0.0453125 0.0265625
0 0.4390625 0.8 0.03125 0.03125
0 0.540625 0.83125 0.0375 0.053125
0 0.75078125 0.76328125 0.0484375 0.0484375
0 0.9734375 0.98671875 0.034375 0.0265625
0 0.790625 0.86171875 0.0625 0.0609375
0 0.11171875 0.14140625 0.0546875 0.0546875
0 0.16484375 0.19921875 0.0515625 0.0515625
0 0.08125 0.4890625 0.03125 0.034375
0 0.08359375 0.30390625 0.0296875 0.0296875
0 0.2078125 0.4046875 0.034375 0.034375