0 0.36171875 0.46171875 0.0484375 0.0484375
0 0.2515625 0.36875 0.0375 0.040625
0 0.17421875 0.43515625 0.0484375 0.0484375
0 0.509375 0.76484375 0.071875 0.0515625
0 0.61640625 0.55390625 0.0234375 0.0234375
0 0.68359375 0.52578125 0.0265625 0.0453125
0 0.8 0.5609375 0.03125 0.03125
0 0.8296875 0.459375 0.053125 0.0375
0 0.76328125 0.25078125 0.0484375 0.0484375
0 0.9859375 0.0296875 0.028125 0.034375
0 0.86015625 0.2109375 0.0609375 0.0625
0 0.14453125 0.88671875 0.0546875 0.0546875
0 0.20234375 0.83359375 0.0515625 0.0515625
0 0.490625 0.9171875 0.034375 0.03125
0 0.30703125 0.91484375 0.0296875 0.0296875
0 0.40625 0.790625 0.034375 0.034375