0 0.5390625 0.3640625 0.05625 0.040625
0 0.63359375 0.25234375 0.0453125 0.0328125
0 0.5671875 0.175 0.05625 0.040625
0 0.23515625 0.5109375 0.0515625 0.071875
0 0.446875 0.61953125 0.025 0.0234375
0 0.47578125 0.68671875 0.0453125 0.0265625
0 0.440625 0.803125 0.04375 0.021875
0 0.5421875 0.834375 0.0375 0.053125
0 0.7515625 0.76640625 0.046875 0.0515625
0 0.9734375 0.99140625 0.046875 0.0171875
0 0.7921875 0.8640625 0.053125 0.071875
0 0.1125 0.14453125 0.071875 0.0390625
0 0.16640625 0.20234375 0.0484375 0.0546875
0 0.0828125 0.4921875 0.028125 0.0375
0 0.084375 0.30703125 0.03125 0.0265625
0 0.20859375 0.4078125 0.0453125 0.025