0 0.53671875 0.36015625 0.0484375 0.0484375
0 0.63125 0.2484375 0.040625 0.0375
0 0.5640625 0.171875 0.05625 0.040625
0 0.23203125 0.5078125 0.0609375 0.0625
0 0.44453125 0.61640625 0.0234375 0.0234375
0 0.47265625 0.68359375 0.0359375 0.0359375
0 0.4375 0.8 0.03125 0.03125
0 0.5390625 0.83125 0.046875 0.04375
0 0.74921875 0.76328125 0.0484375 0.0484375
0 0.971875 0.98671875 0.034375 0.0265625
0 0.7890625 0.8609375 0.053125 0.071875
0 0.109375 0.14140625 0.071875 0.0390625
0 0.16328125 0.19921875 0.0515625 0.0515625
0 0.0796875 0.4890625 0.028125 0.0375
0 0.08203125 0.30390625 0.0296875 0.0296875
0 0.20625 0.4046875 0.034375 0.034375