0 0.36171875 0.46171875 0.0484375 0.0484375
0 0.25 0.36875 0.0375 0.040625
0 0.17265625 0.43515625 0.0484375 0.0484375
0 0.509375 0.76640625 0.071875 0.0515625
0 0.61796875 0.55390625 0.0234375 0.0234375
0 0.68515625 0.52578125 0.0265625 0.0453125
0 0.8015625 0.5609375 0.03125 0.03125
0 0.8328125 0.459375 0.053125 0.0375
0 0.76484375 0.24921875 0.0484375 0.0484375
0 0.9875 0.0265625 0.025 0.034375
0 0.86328125 0.209375 0.0609375 0.0625
0 0.14296875 0.88984375 0.0546875 0.0546875
0 0.20078125 0.83671875 0.0515625 0.0515625
0 0.490625 0.9203125 0.034375 0.03125
0 0.30546875 0.91796875 0.0296875 0.0296875
0 0.40625 0.7921875 0.034375 0.034375