0 0.5375 0.3625 0.05625 0.040625
0 0.63046875 0.25234375 0.0453125 0.0328125
0 0.5640625 0.175 0.05625 0.040625
0 0.23515625 0.509375 0.0515625 0.071875
0 0.4453125 0.61640625 0.025 0.0234375
0 0.47421875 0.68359375 0.0453125 0.0265625
0 0.4390625 0.8 0.04375 0.021875
0 0.540625 0.8296875 0.0375 0.053125
0 0.7484375 0.76328125 0.046875 0.0515625
0 0.96875 0.9890625 0.046875 0.021875
0 0.7890625 0.86015625 0.053125 0.0703125
0 0.11328125 0.14453125 0.0703125 0.0390625
0 0.16640625 0.20234375 0.0484375 0.0546875
0 0.0828125 0.490625 0.028125 0.0375
0 0.084375 0.30703125 0.03125 0.0265625
0 0.20859375 0.40625 0.0453125 0.025