0 0.85234375 0.409375 0.0578125 0.06875
0 0.9828125 0.30546875 0.034375 0.0609375
0 0.46640625 0.62890625 0.0421875 0.0453125
0 0.590625 0.25234375 0.021875 0.0515625
0 0.4890625 0.25625 0.05625 0.040625
0 0.340625 0.146875 0.040625 0.078125
0 0.28046875 0.628125 0.0421875 0.021875
0 0.23515625 0.790625 0.0515625 0.084375
0 0.39375 0.884375 0.046875 0.05
0 0.26484375 0.96796875 0.0453125 0.0390625
0 0.20859375 0.971875 0.0453125 0.040625
0 0.709375 0.81796875 0.053125 0.0390625
0 0.778125 0.9359375 0.04375 0.03125