0 0.41015625 0.15078125 0.0609375 0.0640625
0 0.30625 0.02109375 0.05 0.0421875
0 0.6265625 0.53359375 0.04375 0.0453125
0 0.25390625 0.4109375 0.0515625 0.021875
0 0.25703125 0.51171875 0.0484375 0.0484375
0 0.14921875 0.659375 0.0765625 0.040625
0 0.6265625 0.71796875 0.021875 0.0421875
0 0.7890625 0.76328125 0.084375 0.0515625
0 0.88046875 0.60546875 0.0484375 0.0484375
0 0.96484375 0.73359375 0.0421875 0.0421875
0 0.96875 0.7890625 0.040625 0.046875
0 0.81484375 0.2921875 0.0453125 0.046875
0 0.9328125 0.2234375 0.03125 0.04375