0 0.15078125 0.58984375 0.0640625 0.0609375
0 0.01875 0.69296875 0.0375 0.0609375
0 0.53359375 0.3734375 0.0421875 0.046875
0 0.4109375 0.74609375 0.0375 0.0359375
0 0.5109375 0.7421875 0.05625 0.040625
0 0.65859375 0.85078125 0.0578125 0.0578125
0 0.71796875 0.3734375 0.0328125 0.03125
0 0.76328125 0.2109375 0.0515625 0.084375
0 0.60546875 0.11953125 0.0484375 0.0484375
0 0.7328125 0.03515625 0.046875 0.0390625
0 0.7890625 0.03125 0.046875 0.040625
0 0.2921875 0.18515625 0.046875 0.0453125
0 0.2234375 0.0671875 0.0375 0.0375