0 0.41015625 0.15 0.0609375 0.065625
0 0.3046875 0.0203125 0.05 0.040625
0 0.628125 0.53515625 0.04375 0.0453125
0 0.25234375 0.4125 0.0515625 0.021875
0 0.25546875 0.51328125 0.0484375 0.0484375
0 0.146875 0.6625 0.078125 0.040625
0 0.628125 0.72109375 0.021875 0.0421875
0 0.790625 0.76640625 0.084375 0.0515625
0 0.88359375 0.60859375 0.0484375 0.0484375
0 0.96796875 0.73671875 0.0421875 0.0421875
0 0.971875 0.7921875 0.040625 0.046875
0 0.81796875 0.2921875 0.0453125 0.046875
0 0.9359375 0.2234375 0.03125 0.04375