0 0.8515625 0.41328125 0.065625 0.0609375
0 0.9828125 0.30859375 0.034375 0.0609375
0 0.46640625 0.63125 0.0421875 0.046875
0 0.590625 0.25546875 0.0375 0.0359375
0 0.4890625 0.259375 0.05625 0.040625
0 0.34140625 0.15078125 0.0578125 0.0578125
0 0.28046875 0.63125 0.0328125 0.03125
0 0.23515625 0.79375 0.0515625 0.084375
0 0.39453125 0.88671875 0.0484375 0.0484375
0 0.265625 0.97109375 0.046875 0.0390625
0 0.209375 0.975 0.046875 0.040625
0 0.709375 0.82109375 0.046875 0.0453125
0 0.778125 0.9390625 0.0375 0.0375