0 0.85390625 0.4109375 0.0578125 0.06875
0 0.98359375 0.30703125 0.0328125 0.0609375
0 0.46796875 0.63046875 0.0421875 0.0453125
0 0.5921875 0.25390625 0.021875 0.0515625
0 0.490625 0.2578125 0.05625 0.040625
0 0.3421875 0.1484375 0.040625 0.078125
0 0.28203125 0.6296875 0.0421875 0.021875
0 0.23671875 0.7921875 0.0515625 0.084375
0 0.3953125 0.8859375 0.046875 0.05
0 0.26640625 0.96953125 0.0453125 0.0390625
0 0.21015625 0.9734375 0.0453125 0.040625
0 0.7109375 0.81953125 0.053125 0.0390625
0 0.7796875 0.9375 0.04375 0.03125