0 0.15078125 0.58984375 0.0640625 0.0609375
0 0.02109375 0.69375 0.0421875 0.05
0 0.53359375 0.3734375 0.0453125 0.04375
0 0.4109375 0.74609375 0.021875 0.0515625
0 0.51171875 0.74296875 0.0484375 0.0484375
0 0.659375 0.85078125 0.040625 0.0765625
0 0.71796875 0.3734375 0.0421875 0.021875
0 0.76328125 0.2109375 0.0515625 0.084375
0 0.60546875 0.11953125 0.0484375 0.0484375
0 0.73359375 0.03515625 0.0421875 0.0421875
0 0.7890625 0.03125 0.046875 0.040625
0 0.2921875 0.18515625 0.046875 0.0453125
0 0.2234375 0.0671875 0.04375 0.03125