0 0.32109375 0.81171875 0.0453125 0.0515625
0 0.2546875 0.73984375 0.028125 0.0453125
0 0.38515625 0.7359375 0.0421875 0.075
0 0.51484375 0.74765625 0.0359375 0.0328125
0 0.65625 0.95 0.034375 0.040625
0 0.8015625 0.98515625 0.084375 0.0296875
0 0.7140625 0.678125 0.071875 0.040625
0 0.8828125 0.8328125 0.075 0.053125
0 0.5078125 0.225 0.071875 0.084375
0 0.4578125 0.06796875 0.071875 0.0359375
0 0.5984375 0.05625 0.065625 0.084375
0 0.92890625 0.3359375 0.0453125 0.09375
0 0.19765625 0.35546875 0.0390625 0.0453125
0 0.340625 0.296875 0.028125 0.028125
0 0.09375 0.53046875 0.028125 0.0140625
0 0.0375 0.021875 0.040625 0.028125
0 0.1796875 0.10859375 0.06875 0.0296875
0 0.23515625 0.07109375 0.0390625 0.0296875
0 0.809375 0.62734375 0.0375 0.0390625
0 0.6921875 0.54375 0.046875 0.021875
0 0.5765625 0.5203125 0.028125 0.040625