0 0.18984375 0.32109375 0.0484375 0.0484375
0 0.26171875 0.25625 0.0453125 0.028125
0 0.265625 0.38515625 0.059375 0.0578125
0 0.25390625 0.51484375 0.0328125 0.0359375
0 0.053125 0.6546875 0.0375 0.0375
0 0.02265625 0.79921875 0.0453125 0.0578125
0 0.3234375 0.7125 0.05625 0.05625
0 0.1703125 0.8796875 0.0625 0.0625
0 0.7734375 0.5078125 0.078125 0.078125
0 0.93046875 0.45703125 0.0515625 0.0515625
0 0.940625 0.59765625 0.084375 0.0640625
0 0.6625 0.92578125 0.09375 0.0453125
0 0.64453125 0.19921875 0.0421875 0.0421875
0 0.7015625 0.340625 0.028125 0.028125
0 0.46953125 0.0953125 0.0203125 0.021875
0 0.975 0.040625 0.034375 0.034375
0 0.88984375 0.18203125 0.0484375 0.0484375
0 0.92734375 0.23671875 0.0359375 0.0328125
0 0.37421875 0.8078125 0.0390625 0.0375
0 0.45625 0.690625 0.034375 0.034375
0 0.4796875 0.575 0.034375 0.034375