0 0.32265625 0.81171875 0.0484375 0.0484375
0 0.25625 0.73984375 0.028125 0.0453125
0 0.38671875 0.7359375 0.0578125 0.059375
0 0.51640625 0.74765625 0.0359375 0.0328125
0 0.6578125 0.95 0.0375 0.0375
0 0.80234375 0.97890625 0.0578125 0.0421875
0 0.715625 0.678125 0.05625 0.05625
0 0.884375 0.8328125 0.0625 0.0625
0 0.509375 0.225 0.078125 0.078125
0 0.45859375 0.06796875 0.0515625 0.0515625
0 0.6 0.05625 0.065625 0.084375
0 0.93046875 0.3375 0.0453125 0.09375
0 0.19921875 0.35546875 0.0421875 0.0421875
0 0.3421875 0.296875 0.028125 0.028125
0 0.0953125 0.53046875 0.021875 0.0203125
0 0.0390625 0.021875 0.034375 0.034375
0 0.18203125 0.10859375 0.0484375 0.0484375
0 0.23671875 0.07109375 0.0328125 0.0359375
0 0.8109375 0.62734375 0.0375 0.0390625
0 0.69375 0.54375 0.034375 0.034375
0 0.578125 0.5203125 0.034375 0.034375