0 0.67890625 0.18984375 0.0484375 0.0484375
0 0.74375 0.26171875 0.028125 0.0453125
0 0.61484375 0.265625 0.0578125 0.059375
0 0.484375 0.2546875 0.034375 0.034375
0 0.3453125 0.053125 0.034375 0.040625
0 0.20078125 0.02265625 0.0578125 0.0453125
0 0.2875 0.3234375 0.05625 0.05625
0 0.1203125 0.1703125 0.075 0.053125
0 0.4921875 0.7734375 0.078125 0.078125
0 0.54296875 0.93046875 0.0515625 0.0515625
0 0.40234375 0.940625 0.0640625 0.084375
0 0.07421875 0.6625 0.0453125 0.09375
0 0.80078125 0.64375 0.0390625 0.04375
0 0.659375 0.7015625 0.028125 0.028125
0 0.9046875 0.46953125 0.021875 0.0203125
0 0.959375 0.975 0.040625 0.028125
0 0.81796875 0.88984375 0.0671875 0.0296875
0 0.76328125 0.92734375 0.0328125 0.0359375
0 0.1921875 0.37421875 0.0375 0.0390625
0 0.309375 0.45625 0.046875 0.021875
0 0.425 0.4796875 0.034375 0.034375