0 0.32109375 0.81015625 0.0453125 0.0515625
0 0.25625 0.73828125 0.028125 0.0453125
0 0.38515625 0.734375 0.0421875 0.075
0 0.51484375 0.74609375 0.0359375 0.0328125
0 0.6546875 0.946875 0.034375 0.040625
0 0.79921875 0.98359375 0.0828125 0.0328125
0 0.7125 0.6765625 0.071875 0.040625
0 0.8796875 0.8296875 0.075 0.053125
0 0.5078125 0.22578125 0.071875 0.0828125
0 0.45703125 0.06953125 0.0703125 0.0359375
0 0.59765625 0.059375 0.0640625 0.084375
0 0.92578125 0.33671875 0.0453125 0.0921875
0 0.19921875 0.35546875 0.0390625 0.0453125
0 0.340625 0.2984375 0.028125 0.028125
0 0.0953125 0.53046875 0.028125 0.0140625
0 0.040625 0.025 0.040625 0.028125
0 0.18203125 0.11015625 0.0671875 0.0296875
0 0.23671875 0.07265625 0.0390625 0.0296875
0 0.8078125 0.62578125 0.0375 0.0390625
0 0.690625 0.54375 0.046875 0.021875
0 0.575 0.5203125 0.028125 0.040625