0 0.10390625 0.13828125 0.0421875 0.0390625
0 0.19140625 0.2875 0.0640625 0.05625
0 0.7390625 0.24375 0.05 0.03125
0 0.21484375 0.54140625 0.1015625 0.0671875
0 0.25546875 0.59296875 0.0734375 0.0546875
0 0.59453125 0.72578125 0.0671875 0.0484375
0 0.628125 0.49453125 0.04375 0.0453125
0 0.27578125 0.7453125 0.0453125 0.04375
0 0.2 0.78125 0.040625 0.028125
0 0.234375 0.834375 0.0375 0.03125
0 0.325 0.87734375 0.0375 0.0453125
0 0.76484375 0.5671875 0.0453125 0.04375
0 0.546875 0.03125 0.046875 0.0625
0 0.509375 0.07109375 0.040625 0.0390625
0 0.6375 0.04375 0.0375 0.04375