0 0.13984375 0.90078125 0.0390625 0.0421875
0 0.2890625 0.8140625 0.059375 0.059375
0 0.2453125 0.2609375 0.040625 0.040625
0 0.5453125 0.7890625 0.06875 0.103125
0 0.596875 0.7484375 0.065625 0.065625
0 0.73046875 0.40703125 0.0578125 0.0578125
0 0.49765625 0.3734375 0.0453125 0.04375
0 0.75 0.72734375 0.04375 0.0453125
0 0.7859375 0.803125 0.028125 0.040625
0 0.840625 0.76875 0.034375 0.034375
0 0.8828125 0.678125 0.046875 0.0375
0 0.571875 0.2359375 0.04375 0.04375
0 0.03203125 0.45390625 0.0546875 0.0546875
0 0.07265625 0.4921875 0.0390625 0.040625
0 0.04375 0.3640625 0.040625 0.040625