0 0.13828125 0.89765625 0.0390625 0.0421875
0 0.2875 0.809375 0.059375 0.059375
0 0.24375 0.2578125 0.03125 0.05
0 0.54375 0.7859375 0.06875 0.103125
0 0.5953125 0.7453125 0.065625 0.065625
0 0.72890625 0.40390625 0.0578125 0.0578125
0 0.49609375 0.3703125 0.0453125 0.04375
0 0.7484375 0.72421875 0.04375 0.0453125
0 0.784375 0.8 0.034375 0.034375
0 0.8390625 0.765625 0.03125 0.0375
0 0.88125 0.675 0.046875 0.0375
0 0.5703125 0.2328125 0.04375 0.04375
0 0.03046875 0.45078125 0.0546875 0.0546875
0 0.07109375 0.48984375 0.0390625 0.0390625
0 0.0421875 0.3609375 0.040625 0.040625