0 0.54375 0.146875 0.075 0.071875
0 0.5296875 0.18828125 0.046875 0.0390625
0 0.8328125 0.30078125 0.0375 0.0359375
0 0.37578125 0.45859375 0.0515625 0.0546875
0 0.5296875 0.55078125 0.040625 0.0421875
0 0.3796875 0.6421875 0.078125 0.075
0 0.70625 0.7171875 0.071875 0.075
0 0.834375 0.709375 0.084375 0.053125
0 0.8875 0.65859375 0.034375 0.0390625
0 0.3921875 0.84609375 0.071875 0.0578125
0 0.47890625 0.85 0.0546875 0.053125
0 0.19296875 0.578125 0.0609375 0.059375
0 0.18203125 0.9734375 0.0484375 0.05
0 0.6203125 0.62890625 0.046875 0.0546875
0 0.7546875 0.4828125 0.03125 0.03125
0 0.834375 0.55546875 0.040625 0.0421875