0 0.8515625 0.54140625 0.071875 0.0734375
0 0.81015625 0.528125 0.0421875 0.04375
0 0.69765625 0.828125 0.0359375 0.0375
0 0.54140625 0.37421875 0.0484375 0.0578125
0 0.44921875 0.528125 0.0421875 0.040625
0 0.35859375 0.37890625 0.0734375 0.0765625
0 0.28515625 0.703125 0.0734375 0.071875
0 0.2921875 0.8296875 0.06875 0.06875
0 0.34296875 0.8828125 0.0359375 0.0375
0 0.15703125 0.390625 0.0640625 0.065625
0 0.153125 0.47734375 0.053125 0.0546875
0 0.4234375 0.19296875 0.059375 0.0609375
0 0.0296875 0.18203125 0.059375 0.0390625
0 0.37265625 0.6171875 0.0546875 0.046875
0 0.5171875 0.7515625 0.03125 0.03125
0 0.44453125 0.8296875 0.0421875 0.040625