0 0.54140625 0.1484375 0.0921875 0.053125
0 0.528125 0.18984375 0.046875 0.0390625
0 0.828125 0.30234375 0.034375 0.0390625
0 0.37421875 0.45859375 0.0578125 0.0484375
0 0.52734375 0.55078125 0.0546875 0.0265625
0 0.37890625 0.64140625 0.0796875 0.0703125
0 0.70234375 0.71484375 0.0453125 0.0984375
0 0.8296875 0.7078125 0.084375 0.053125
0 0.8828125 0.65703125 0.034375 0.0390625
0 0.390625 0.84296875 0.071875 0.0578125
0 0.47734375 0.846875 0.0546875 0.053125
0 0.19296875 0.5765625 0.0734375 0.046875
0 0.18203125 0.9703125 0.0390625 0.059375
0 0.61796875 0.62734375 0.0453125 0.0546875
0 0.75234375 0.4828125 0.0234375 0.040625
0 0.8296875 0.5546875 0.053125 0.03125