0 0.0140625 0.5 0.025 0.025
0 0.01796875 0.53828125 0.0359375 0.0359375
0 0.0328125 0.5796875 0.028125 0.021875
0 0.06171875 0.309375 0.0359375 0.034375
0 0.115625 0.6125 0.096875 0.13125
0 0.13359375 0.5109375 0.0296875 0.028125
0 0.171875 0.653125 0.021875 0.021875
0 0.17421875 0.415625 0.0203125 0.015625
0 0.22109375 0.68046875 0.0296875 0.0296875
0 0.225 0.521875 0.028125 0.040625
0 0.25390625 0.2390625 0.0203125 0.01875
0 0.259375 0.34609375 0.075 0.0734375
0 0.30078125 0.5 0.0453125 0.04375
0 0.30078125 0.82109375 0.0171875 0.0171875
0 0.30546875 0.8078125 0.0171875 0.01875
0 0.31875 0.6765625 0.025 0.028125
0 0.3234375 0.83515625 0.04375 0.0421875
0 0.328125 0.71796875 0.034375 0.0359375
0 0.3296875 0.921875 0.021875 0.021875
0 0.340625 0.17890625 0.025 0.0203125
0 0.34609375 0.21328125 0.0234375 0.0234375
0 0.359375 0.73203125 0.0375 0.0390625
0 0.38515625 0.22421875 0.0421875 0.0640625
0 0.40078125 0.80546875 0.0703125 0.0421875
0 0.44375 0.90390625 0.034375 0.0359375
0 0.46953125 0.225 0.0234375 0.028125
0 0.48984375 0.7609375 0.0265625 0.04375
0 0.50546875 0.04375 0.0703125 0.071875
0 0.55390625 0.653125 0.0484375 0.046875
0 0.5640625 0.8140625 0.046875 0.021875
0 0.56484375 0.20703125 0.0328125 0.0328125
0 0.6390625 0.8640625 0.05625 0.05625
0 0.671875 0.19921875 0.040625 0.0234375
0 0.73046875 0.58515625 0.0265625 0.0265625
0 0.7671875 0.47265625 0.021875 0.0296875
0 0.7765625 0.84375 0.03125 0.03125
0 0.82265625 0.97421875 0.0484375 0.0484375
0 0.915625 0.4171875 0.034375 0.0375
0 0.92265625 0.46796875 0.0265625 0.0265625
0 0.9359375 0.5796875 0.028125 0.028125
0 0.98984375 0.0140625 0.0203125 0.028125