0 0.01171875 0.496875 0.0234375 0.025
0 0.015625 0.5359375 0.03125 0.040625
0 0.0296875 0.578125 0.025 0.025
0 0.05859375 0.3046875 0.0296875 0.040625
0 0.1140625 0.61015625 0.115625 0.1140625
0 0.13203125 0.50859375 0.0296875 0.0296875
0 0.1703125 0.6515625 0.021875 0.021875
0 0.17265625 0.4125 0.0171875 0.01875
0 0.21953125 0.678125 0.0296875 0.028125
0 0.2234375 0.51875 0.028125 0.040625
0 0.25234375 0.234375 0.0203125 0.01875
0 0.2578125 0.3421875 0.075 0.075
0 0.2984375 0.496875 0.046875 0.04375
0 0.29921875 0.82109375 0.0171875 0.0171875
0 0.30390625 0.80625 0.0171875 0.01875
0 0.31875 0.675 0.028125 0.025
0 0.3234375 0.83515625 0.04375 0.0421875
0 0.328125 0.71640625 0.034375 0.0359375
0 0.3296875 0.921875 0.021875 0.021875
0 0.340625 0.17421875 0.021875 0.0234375
0 0.34609375 0.20859375 0.0234375 0.0234375
0 0.359375 0.73046875 0.0375 0.0390625
0 0.38515625 0.21875 0.0546875 0.053125
0 0.40078125 0.80390625 0.0546875 0.0578125
0 0.44375 0.90390625 0.034375 0.0359375
0 0.46953125 0.2203125 0.0234375 0.028125
0 0.48984375 0.759375 0.0359375 0.034375
0 0.50546875 0.04140625 0.0546875 0.0828125
0 0.55390625 0.6515625 0.0390625 0.05625
0 0.565625 0.8140625 0.046875 0.021875
0 0.56640625 0.20234375 0.0328125 0.0328125
0 0.640625 0.8640625 0.05625 0.05625
0 0.6734375 0.19453125 0.040625 0.0234375
0 0.7328125 0.58359375 0.03125 0.0234375
0 0.76875 0.46953125 0.025 0.0265625
0 0.778125 0.84375 0.03125 0.03125
0 0.82578125 0.97421875 0.0484375 0.0484375
0 0.91875 0.4140625 0.034375 0.0375
0 0.92578125 0.46484375 0.0265625 0.0265625
0 0.9390625 0.578125 0.028125 0.028125
0 0.99140625 0.0109375 0.0171875 0.021875