0 0.01171875 0.49921875 0.0234375 0.0234375
0 0.015625 0.5375 0.03125 0.040625
0 0.0296875 0.5796875 0.028125 0.021875
0 0.05859375 0.30625 0.0296875 0.040625
0 0.1140625 0.61171875 0.096875 0.1328125
0 0.13203125 0.509375 0.0296875 0.028125
0 0.17109375 0.653125 0.0203125 0.025
0 0.17265625 0.4140625 0.0203125 0.015625
0 0.21953125 0.6796875 0.0296875 0.028125
0 0.2234375 0.5203125 0.028125 0.040625
0 0.25234375 0.23515625 0.0234375 0.0140625
0 0.2578125 0.34453125 0.1 0.0484375
0 0.2984375 0.4984375 0.046875 0.04375
0 0.29921875 0.82265625 0.0171875 0.0171875
0 0.30390625 0.8078125 0.0171875 0.01875
0 0.31875 0.6765625 0.028125 0.025
0 0.3234375 0.83671875 0.040625 0.0453125
0 0.328125 0.71796875 0.03125 0.0390625
0 0.3296875 0.9234375 0.025 0.01875
0 0.340625 0.17578125 0.025 0.0203125
0 0.34609375 0.21015625 0.0234375 0.0234375
0 0.36015625 0.73203125 0.0359375 0.0390625
0 0.38515625 0.221875 0.0421875 0.065625
0 0.4 0.80546875 0.071875 0.0421875
0 0.44375 0.90546875 0.034375 0.0359375
0 0.46953125 0.221875 0.0234375 0.028125
0 0.48984375 0.7609375 0.0265625 0.04375
0 0.50546875 0.0421875 0.0546875 0.084375
0 0.55390625 0.65234375 0.0390625 0.0546875
0 0.565625 0.815625 0.046875 0.021875
0 0.56640625 0.20390625 0.0390625 0.0265625
0 0.64140625 0.865625 0.0515625 0.059375
0 0.6734375 0.19609375 0.040625 0.0234375
0 0.7328125 0.58515625 0.03125 0.0234375
0 0.76953125 0.47109375 0.0203125 0.0296875
0 0.778125 0.84453125 0.0375 0.0234375
0 0.82578125 0.975 0.0453125 0.05
0 0.91875 0.415625 0.034375 0.0375
0 0.92578125 0.46640625 0.0296875 0.0265625
0 0.9390625 0.5796875 0.028125 0.028125
0 0.99140625 0.01171875 0.0171875 0.0234375