0 0.7609375 0.4015625 0.075 0.028125
0 0.65078125 0.284375 0.0453125 0.065625
0 0.5453125 0.53515625 0.03125 0.0421875
0 0.640625 0.76328125 0.05 0.0609375
0 0.73828125 0.84609375 0.0703125 0.0578125
0 0.8390625 0.73828125 0.046875 0.0359375
0 0.8359375 0.596875 0.05 0.04375
0 0.8015625 0.7640625 0.03125 0.034375
0 0.91015625 0.45078125 0.0234375 0.0328125
0 0.4 0.20546875 0.059375 0.0640625
0 0.27890625 0.19375 0.0546875 0.06875
0 0.1875 0.36015625 0.05625 0.0859375
0 0.1390625 0.2453125 0.059375 0.05
0 0.371875 0.92734375 0.040625 0.0359375
0 0.28125 0.928125 0.040625 0.040625
0 0.16328125 0.54140625 0.0390625 0.0296875
0 0.56328125 0.18359375 0.0296875 0.0328125
0 0.32734375 0.11171875 0.0390625 0.0390625
0 0.425 0.3875 0.03125 0.03125