0 0.2390625 0.5984375 0.075 0.028125
0 0.3484375 0.715625 0.046875 0.065625
0 0.45390625 0.46484375 0.0359375 0.0359375
0 0.359375 0.23671875 0.05625 0.0546875
0 0.26171875 0.15390625 0.0703125 0.0578125
0 0.1609375 0.26171875 0.040625 0.0421875
0 0.1640625 0.403125 0.05 0.04375
0 0.1984375 0.2359375 0.03125 0.034375
0 0.08984375 0.55 0.0265625 0.028125
0 0.6 0.7953125 0.059375 0.065625
0 0.72109375 0.80625 0.0546875 0.06875
0 0.8125 0.63984375 0.05625 0.0859375
0 0.8609375 0.75390625 0.053125 0.0546875
0 0.62734375 0.07265625 0.0390625 0.0390625
0 0.71875 0.071875 0.040625 0.040625
0 0.83671875 0.45859375 0.0328125 0.0359375
0 0.43671875 0.8171875 0.0296875 0.034375
0 0.67265625 0.88828125 0.0390625 0.0390625
0 0.575 0.6125 0.03125 0.03125