0 0.4015625 0.2390625 0.028125 0.075
0 0.284375 0.3484375 0.065625 0.046875
0 0.53515625 0.45390625 0.0359375 0.0359375
0 0.76328125 0.359375 0.0546875 0.05625
0 0.84609375 0.26171875 0.0578125 0.0703125
0 0.73828125 0.1609375 0.0421875 0.040625
0 0.596875 0.1640625 0.04375 0.05
0 0.7640625 0.1984375 0.034375 0.03125
0 0.45 0.08984375 0.028125 0.0265625
0 0.2046875 0.6 0.065625 0.059375
0 0.19375 0.72109375 0.06875 0.0546875
0 0.36015625 0.8125 0.0859375 0.05625
0 0.24609375 0.8609375 0.0546875 0.053125
0 0.92734375 0.62734375 0.0390625 0.0390625
0 0.928125 0.71875 0.040625 0.040625
0 0.54140625 0.83671875 0.0359375 0.0328125
0 0.1828125 0.43671875 0.034375 0.0296875
0 0.11171875 0.67265625 0.0390625 0.0390625
0 0.3875 0.575 0.03125 0.03125