0 0.7609375 0.40078125 0.05 0.0515625
0 0.6515625 0.2828125 0.05625 0.05625
0 0.54453125 0.53515625 0.0359375 0.0359375
0 0.640625 0.76484375 0.05625 0.0546875
0 0.7390625 0.84921875 0.071875 0.0578125
0 0.840625 0.73984375 0.046875 0.0359375
0 0.8375 0.5984375 0.046875 0.046875
0 0.8015625 0.765625 0.03125 0.034375
0 0.91171875 0.45 0.0265625 0.028125
0 0.3984375 0.203125 0.0625 0.0625
0 0.27578125 0.19140625 0.0609375 0.0609375
0 0.184375 0.359375 0.071875 0.071875
0 0.1359375 0.24453125 0.053125 0.0546875
0 0.3703125 0.93046875 0.040625 0.0359375
0 0.278125 0.93125 0.040625 0.040625
0 0.16015625 0.54140625 0.0328125 0.0359375
0 0.56171875 0.18125 0.0296875 0.034375
0 0.32578125 0.11015625 0.0390625 0.0390625
0 0.4234375 0.3875 0.03125 0.03125