0 0.571875 0.8140625 0.05625 0.096875
0 0.60625 0.7265625 0.046875 0.059375
0 0.696875 0.7375 0.05 0.06875
0 0.4609375 0.4859375 0.03125 0.0375
0 0.18515625 0.965625 0.0640625 0.040625
0 0.61328125 0.3390625 0.0546875 0.046875
0 0.5875 0.32265625 0.05625 0.0421875
0 0.65859375 0.24453125 0.0640625 0.0453125
0 0.821875 0.13515625 0.05625 0.0828125
0 0.84296875 0.82734375 0.0484375 0.0578125
0 0.99453125 0.71328125 0.0109375 0.0390625
0 0.05625 0.903125 0.05 0.0375
0 0.196875 0.38515625 0.028125 0.0359375
0 0.0796875 0.65390625 0.028125 0.0421875