0 0.5765625 0.8140625 0.078125 0.078125
0 0.6109375 0.7265625 0.046875 0.059375
0 0.7015625 0.7375 0.059375 0.059375
0 0.4640625 0.484375 0.03125 0.0375
0 0.18671875 0.9671875 0.0515625 0.053125
0 0.61796875 0.3375 0.0515625 0.05
0 0.5921875 0.32109375 0.05625 0.0421875
0 0.66328125 0.24140625 0.0546875 0.0546875
0 0.828125 0.1328125 0.05625 0.084375
0 0.84921875 0.82890625 0.0546875 0.0515625
0 0.99375 0.7140625 0.0125 0.025
0 0.05625 0.9046875 0.04375 0.04375
0 0.1984375 0.38359375 0.03125 0.0328125
0 0.08125 0.65390625 0.028125 0.0421875