0 0.1859375 0.571875 0.096875 0.05625
0 0.2734375 0.60625 0.059375 0.046875
0 0.2625 0.696875 0.06875 0.05
0 0.5140625 0.4609375 0.0375 0.03125
0 0.034375 0.18515625 0.040625 0.0640625
0 0.6609375 0.61328125 0.046875 0.0546875
0 0.67734375 0.5875 0.0421875 0.05625
0 0.75546875 0.65859375 0.0453125 0.0640625
0 0.86484375 0.821875 0.0828125 0.05625
0 0.17265625 0.84296875 0.0578125 0.0484375
0 0.28671875 0.99453125 0.0390625 0.0109375
0 0.096875 0.05625 0.0375 0.05
0 0.61484375 0.196875 0.0359375 0.028125
0 0.34609375 0.0796875 0.0421875 0.028125