0 0.92578125 0.784375 0.0484375 0.053125
0 0.92109375 0.43125 0.0453125 0.0375
0 0.89375 0.9171875 0.08125 0.05625
0 0.88984375 0.19765625 0.0453125 0.0546875
0 0.83828125 0.2703125 0.0359375 0.046875
0 0.7828125 0.26328125 0.04375 0.0328125
0 0.76015625 0.97578125 0.0453125 0.0484375
0 0.75078125 0.575 0.0546875 0.040625
0 0.7453125 0.140625 0.071875 0.05
0 0.64921875 0.8875 0.0546875 0.05
0 0.63046875 0.79609375 0.0703125 0.0671875
0 0.609375 0.38359375 0.0875 0.0859375
0 0.4921875 0.83828125 0.0625 0.0546875
0 0.425 0.13515625 0.046875 0.0578125
0 0.32109375 0.4265625 0.0453125 0.0375
0 0.18984375 0.184375 0.0359375 0.05
0 0.1359375 0.2890625 0.04375 0.05625