0 0.07421875 0.215625 0.0515625 0.05
0 0.07890625 0.56875 0.0453125 0.0375
0 0.10625 0.0828125 0.06875 0.06875
0 0.1109375 0.8015625 0.05 0.05
0 0.16171875 0.7296875 0.0421875 0.040625
0 0.2171875 0.73671875 0.0375 0.0390625
0 0.240625 0.0234375 0.046875 0.046875
0 0.24921875 0.425 0.0484375 0.046875
0 0.2546875 0.859375 0.071875 0.05
0 0.35078125 0.1125 0.0515625 0.053125
0 0.36953125 0.20390625 0.0703125 0.0671875
0 0.390625 0.61640625 0.0875 0.0859375
0 0.5078125 0.1625 0.059375 0.059375
0 0.57421875 0.86484375 0.0515625 0.0515625
0 0.67890625 0.5734375 0.0453125 0.0375
0 0.809375 0.815625 0.04375 0.04375
0 0.8640625 0.7109375 0.05 0.05