0 0.93046875 0.7890625 0.0484375 0.053125
0 0.92578125 0.434375 0.0453125 0.0375
0 0.8984375 0.9234375 0.08125 0.05625
0 0.89375 0.2 0.05 0.05
0 0.84296875 0.271875 0.0421875 0.040625
0 0.7859375 0.26484375 0.0375 0.0390625
0 0.76328125 0.97890625 0.0453125 0.0421875
0 0.75390625 0.5796875 0.0484375 0.046875
0 0.74921875 0.14296875 0.0609375 0.0609375
0 0.65234375 0.89375 0.0515625 0.053125
0 0.6328125 0.8015625 0.06875 0.06875
0 0.6125 0.3859375 0.0875 0.0875
0 0.49375 0.84375 0.059375 0.059375
0 0.42734375 0.13671875 0.0515625 0.0515625
0 0.32265625 0.4296875 0.0421875 0.040625
0 0.190625 0.1859375 0.04375 0.04375
0 0.1359375 0.290625 0.05 0.05