0 0.07578125 0.2125 0.0484375 0.053125
0 0.08046875 0.56875 0.0453125 0.0375
0 0.1078125 0.0796875 0.08125 0.05625
0 0.11171875 0.80234375 0.0453125 0.0546875
0 0.16328125 0.7296875 0.0359375 0.046875
0 0.21875 0.73671875 0.04375 0.0328125
0 0.24140625 0.021875 0.0453125 0.04375
0 0.25078125 0.4234375 0.0546875 0.040625
0 0.25625 0.8609375 0.071875 0.05
0 0.35390625 0.109375 0.0546875 0.05
0 0.371875 0.2015625 0.071875 0.06875
0 0.39375 0.615625 0.0875 0.0875
0 0.5109375 0.15859375 0.0625 0.0546875
0 0.5796875 0.86640625 0.046875 0.0578125
0 0.68359375 0.5734375 0.0453125 0.0375
0 0.81640625 0.8171875 0.0359375 0.05
0 0.8703125 0.7109375 0.04375 0.05625