0 0.92578125 0.784375 0.0484375 0.053125
0 0.92109375 0.43125 0.0453125 0.0375
0 0.89375 0.9171875 0.08125 0.05625
0 0.8890625 0.1984375 0.05 0.05
0 0.83828125 0.2703125 0.0421875 0.040625
0 0.7828125 0.26328125 0.0375 0.0390625
0 0.76015625 0.97578125 0.0453125 0.0484375
0 0.75078125 0.575 0.0484375 0.046875
0 0.74609375 0.14140625 0.0609375 0.0609375
0 0.64921875 0.8875 0.0515625 0.053125
0 0.63046875 0.79609375 0.0671875 0.0671875
0 0.61015625 0.38359375 0.0859375 0.0859375
0 0.4921875 0.8375 0.059375 0.059375
0 0.42578125 0.13515625 0.0515625 0.0515625
0 0.32109375 0.4265625 0.0421875 0.040625
0 0.190625 0.184375 0.04375 0.04375
0 0.1359375 0.2890625 0.05 0.05