0 0.71015625 0.06171875 0.0546875 0.0546875
0 0.36953125 0.0734375 0.0484375 0.046875
0 0.53515625 0.19609375 0.0546875 0.0546875
0 0.33046875 0.234375 0.0484375 0.046875
0 0.096875 0.2890625 0.0375 0.0375
0 0.89765625 0.29765625 0.0484375 0.0484375
0 0.2640625 0.378125 0.0375 0.040625
0 0.690625 0.396875 0.0625 0.0625
0 0.02734375 0.39921875 0.0421875 0.0421875
0 0.54296875 0.45078125 0.0421875 0.0390625
0 0.86328125 0.453125 0.0484375 0.046875
0 0.32109375 0.49765625 0.0453125 0.0453125
0 0.2734375 0.77265625 0.04375 0.0578125
0 0.590625 0.7984375 0.05 0.046875
0 0.91796875 0.9421875 0.0515625 0.071875
0 0.05390625 0.9703125 0.0421875 0.046875