0 0.06484375 0.28984375 0.0546875 0.0546875
0 0.075 0.63203125 0.046875 0.0484375
0 0.19765625 0.46484375 0.0546875 0.0546875
0 0.2359375 0.67109375 0.046875 0.0484375
0 0.290625 0.9046875 0.0375 0.0375
0 0.29921875 0.10390625 0.0484375 0.0484375
0 0.3796875 0.7359375 0.040625 0.0375
0 0.3984375 0.309375 0.0625 0.0625
0 0.40078125 0.97265625 0.0421875 0.0421875
0 0.45234375 0.45703125 0.0390625 0.0421875
0 0.4546875 0.13828125 0.046875 0.0484375
0 0.49921875 0.68046875 0.0453125 0.0453125
0 0.77421875 0.7265625 0.0578125 0.04375
0 0.8 0.4109375 0.046875 0.05
0 0.94375 0.08359375 0.071875 0.0515625
0 0.971875 0.94609375 0.046875 0.0421875