0 0.70859375 0.06484375 0.0546875 0.0546875
0 0.36953125 0.075 0.0484375 0.046875
0 0.53515625 0.19765625 0.0546875 0.0546875
0 0.33046875 0.2359375 0.0484375 0.046875
0 0.0984375 0.290625 0.0375 0.0375
0 0.89453125 0.29921875 0.0484375 0.0484375
0 0.265625 0.378125 0.0375 0.040625
0 0.6890625 0.396875 0.0625 0.0625
0 0.03046875 0.39921875 0.0421875 0.0421875
0 0.54296875 0.45078125 0.0421875 0.0390625
0 0.86015625 0.453125 0.0484375 0.046875
0 0.32109375 0.49765625 0.0453125 0.0453125
0 0.275 0.77109375 0.04375 0.0578125
0 0.5890625 0.796875 0.05 0.046875
0 0.91484375 0.93828125 0.0515625 0.0703125
0 0.05703125 0.9671875 0.0421875 0.046875