0 0.9390625 0.4046875 0.0375 0.034375
0 0.8828125 0.5796875 0.0375 0.0375
0 0.81875 0.91875 0.034375 0.034375
0 0.71484375 0.9765625 0.0515625 0.046875
0 0.709375 0.18046875 0.0375 0.0390625
0 0.6859375 0.6296875 0.05 0.05
0 0.6859375 0.87578125 0.05625 0.0546875
0 0.6828125 0.30234375 0.0375 0.0359375
0 0.58671875 0.1578125 0.0421875 0.028125
0 0.515625 0.5234375 0.075 0.059375
0 0.5078125 0.9078125 0.053125 0.053125
0 0.4078125 0.1046875 0.04375 0.04375
0 0.3609375 0.15546875 0.0375 0.0359375
0 0.00859375 0.9328125 0.0171875 0.025