0 0.9375 0.4015625 0.0375 0.0375
0 0.88125 0.5765625 0.0375 0.0375
0 0.8171875 0.915625 0.03125 0.0375
0 0.71328125 0.97734375 0.0609375 0.0421875
0 0.7078125 0.178125 0.028125 0.05
0 0.68515625 0.625 0.0359375 0.065625
0 0.684375 0.87265625 0.05625 0.0546875
0 0.68125 0.29921875 0.0375 0.0359375
0 0.58515625 0.1546875 0.0359375 0.034375
0 0.5140625 0.5203125 0.075 0.059375
0 0.50625 0.9046875 0.053125 0.053125
0 0.40625 0.1015625 0.0375 0.05
0 0.359375 0.15234375 0.0375 0.0359375
0 0.0078125 0.9296875 0.015625 0.025