0 0.4015625 0.0640625 0.034375 0.0375
0 0.575 0.1203125 0.0375 0.0375
0 0.9125 0.184375 0.034375 0.034375
0 0.9734375 0.28671875 0.053125 0.0515625
0 0.17890625 0.2921875 0.0390625 0.0375
0 0.625 0.315625 0.05 0.05
0 0.86953125 0.315625 0.0546875 0.05625
0 0.30078125 0.31875 0.0359375 0.0375
0 0.15625 0.41484375 0.028125 0.0421875
0 0.5203125 0.484375 0.059375 0.075
0 0.9015625 0.4921875 0.053125 0.053125
0 0.103125 0.5921875 0.04375 0.04375
0 0.15390625 0.6390625 0.0359375 0.0375
0 0.9265625 0.98984375 0.025 0.0203125