0 0.9390625 0.4046875 0.0375 0.034375
0 0.8828125 0.5796875 0.0375 0.034375
0 0.81875 0.91875 0.03125 0.0375
0 0.71484375 0.9796875 0.0609375 0.040625
0 0.709375 0.18125 0.028125 0.05
0 0.68671875 0.628125 0.0359375 0.065625
0 0.68515625 0.875 0.0515625 0.059375
0 0.6828125 0.30234375 0.03125 0.0421875
0 0.58671875 0.1578125 0.0421875 0.028125
0 0.515625 0.5234375 0.075 0.059375
0 0.5078125 0.90859375 0.053125 0.0546875
0 0.4078125 0.1046875 0.0375 0.05
0 0.3609375 0.15546875 0.034375 0.0390625
0 0.00546875 0.93359375 0.0109375 0.0359375