0 0.0640625 0.5984375 0.0375 0.034375
0 0.1203125 0.4234375 0.0375 0.0375
0 0.184375 0.084375 0.034375 0.034375
0 0.28671875 0.02421875 0.0515625 0.0484375
0 0.2921875 0.82265625 0.0375 0.0390625
0 0.3171875 0.3734375 0.05 0.05
0 0.3171875 0.12734375 0.05625 0.0546875
0 0.3203125 0.69921875 0.0375 0.0359375
0 0.41640625 0.8453125 0.0421875 0.028125
0 0.4859375 0.478125 0.075 0.059375
0 0.49375 0.0953125 0.053125 0.053125
0 0.5953125 0.8984375 0.04375 0.04375
0 0.6421875 0.84765625 0.0375 0.0359375
0 0.9921875 0.0703125 0.015625 0.025