0 0.0640625 0.5984375 0.0375 0.034375
0 0.1203125 0.4234375 0.0375 0.034375
0 0.184375 0.084375 0.03125 0.0375
0 0.28671875 0.02109375 0.0609375 0.0421875
0 0.2921875 0.821875 0.028125 0.05
0 0.31640625 0.3734375 0.0359375 0.065625
0 0.31796875 0.128125 0.0515625 0.059375
0 0.3203125 0.69921875 0.03125 0.0421875
0 0.41640625 0.8453125 0.0421875 0.028125
0 0.4859375 0.478125 0.075 0.059375
0 0.49375 0.09453125 0.053125 0.0546875
0 0.5953125 0.8984375 0.0375 0.05
0 0.6421875 0.84765625 0.034375 0.0390625
0 0.9953125 0.06953125 0.009375 0.0359375