0 0.04609375 0.17890625 0.0515625 0.0828125
0 0.03359375 0.290625 0.0671875 0.078125
0 0.146875 0.0453125 0.084375 0.084375
0 0.209375 0.18984375 0.059375 0.0578125
0 0.39296875 0.26328125 0.0953125 0.0515625
0 0.01015625 0.6125 0.0203125 0.078125
0 0.1046875 0.75390625 0.0875 0.0890625
0 0.49375 0.246875 0.0625 0.0625
0 0.82109375 0.49140625 0.0546875 0.0546875
0 0.69296875 0.78046875 0.0453125 0.0453125
0 0.740625 0.84609375 0.05 0.0515625
0 0.37890625 0.06640625 0.0578125 0.0578125
0 0.50078125 0.1125 0.0421875 0.04375
0 0.42109375 0.32734375 0.0515625 0.0515625
0 0.27109375 0.34453125 0.0484375 0.0484375
0 0.11015625 0.45234375 0.0359375 0.0484375
0 0.0078125 0.4671875 0.015625 0.05625
0 0.78984375 0.171875 0.0328125 0.03125
0 0.94375 0.7796875 0.046875 0.05
0 0.4828125 0.6375 0.021875 0.021875
0 0.59765625 0.53046875 0.0390625 0.0390625
0 0.525 0.38515625 0.040625 0.0390625
0 0.409375 0.4359375 0.025 0.025
0 0.3765625 0.43125 0.05 0.05
0 0.35625 0.52265625 0.028125 0.0265625
0 0.36953125 0.69765625 0.0359375 0.0328125
0 0.359375 0.9859375 0.05 0.028125
0 0.215625 0.9171875 0.025 0.025