0 0.95703125 0.82578125 0.0515625 0.0828125
0 0.96796875 0.71171875 0.0640625 0.0796875
0 0.85625 0.95703125 0.08125 0.0859375
0 0.7921875 0.81484375 0.059375 0.0578125
0 0.6078125 0.73984375 0.096875 0.0515625
0 0.99140625 0.3890625 0.0171875 0.078125
0 0.8984375 0.246875 0.096875 0.08125
0 0.50703125 0.75625 0.0609375 0.065625
0 0.1765625 0.51015625 0.05625 0.0546875
0 0.3046875 0.21953125 0.05625 0.0359375
0 0.2578125 0.153125 0.04375 0.059375
0 0.62265625 0.9390625 0.0421875 0.075
0 0.49921875 0.8921875 0.0453125 0.040625
0 0.58046875 0.67578125 0.0453125 0.0578125
0 0.73046875 0.65859375 0.0515625 0.0453125
0 0.89296875 0.54921875 0.0359375 0.0484375
0 0.99375 0.534375 0.0125 0.05625
0 0.20859375 0.8328125 0.0328125 0.03125
0 0.053125 0.2203125 0.05 0.046875
0 0.5171875 0.36484375 0.01875 0.0234375
0 0.40234375 0.47109375 0.0359375 0.0421875
0 0.475 0.61796875 0.04375 0.0359375
0 0.5921875 0.5671875 0.021875 0.028125
0 0.625 0.571875 0.04375 0.05625
0 0.64453125 0.47890625 0.0203125 0.0359375
0 0.63203125 0.30234375 0.0328125 0.0359375
0 0.6421875 0.01328125 0.05 0.0265625
0 0.7859375 0.0828125 0.021875 0.028125