0 0.825 0.04375 0.06875 0.06875
0 0.7109375 0.0328125 0.075 0.065625
0 0.9578125 0.14375 0.084375 0.084375
0 0.81484375 0.2078125 0.0578125 0.059375
0 0.740625 0.3921875 0.075 0.075
0 0.38828125 0.015625 0.0484375 0.03125
0 0.246875 0.103125 0.08125 0.096875
0 0.75625 0.49375 0.0625 0.0625
0 0.51015625 0.82421875 0.0546875 0.0546875
0 0.21953125 0.69453125 0.0453125 0.0453125
0 0.15390625 0.7421875 0.0515625 0.05
0 0.9375 0.37890625 0.071875 0.0421875
0 0.8921875 0.50078125 0.04375 0.0421875
0 0.67578125 0.42109375 0.0515625 0.0515625
0 0.65859375 0.26953125 0.0484375 0.0484375
0 0.54921875 0.10859375 0.0421875 0.0421875
0 0.53359375 0.0109375 0.0359375 0.021875
0 0.8328125 0.79140625 0.03125 0.0328125
0 0.2203125 0.946875 0.05 0.046875
0 0.3640625 0.4828125 0.025 0.01875
0 0.47109375 0.59921875 0.0421875 0.0359375
0 0.61796875 0.525 0.0359375 0.04375
0 0.5671875 0.409375 0.025 0.025
0 0.571875 0.3765625 0.05 0.05
0 0.47890625 0.35625 0.0265625 0.028125
0 0.30234375 0.36953125 0.0328125 0.0359375
0 0.01328125 0.359375 0.0265625 0.05
0 0.0828125 0.2140625 0.025 0.025