0 0.82109375 0.04609375 0.0671875 0.0671875
0 0.70859375 0.034375 0.0734375 0.06875
0 0.9546875 0.146875 0.084375 0.084375
0 0.81015625 0.209375 0.0578125 0.059375
0 0.73671875 0.39296875 0.0734375 0.0734375
0 0.38671875 0.0171875 0.0484375 0.034375
0 0.24609375 0.1046875 0.0796875 0.096875
0 0.753125 0.49375 0.0625 0.0625
0 0.50859375 0.82109375 0.0546875 0.0546875
0 0.21953125 0.69296875 0.0453125 0.0453125
0 0.15390625 0.740625 0.0515625 0.05
0 0.9328125 0.37890625 0.071875 0.0421875
0 0.8875 0.50078125 0.04375 0.0421875
0 0.67265625 0.42109375 0.0515625 0.0515625
0 0.65546875 0.27109375 0.0484375 0.0484375
0 0.54765625 0.11015625 0.0421875 0.0421875
0 0.53203125 0.0125 0.0359375 0.025
0 0.828125 0.78984375 0.03125 0.0328125
0 0.2203125 0.94375 0.05 0.046875
0 0.3625 0.4828125 0.025 0.01875
0 0.46953125 0.59765625 0.0421875 0.0359375
0 0.61484375 0.525 0.0359375 0.04375
0 0.5640625 0.409375 0.025 0.025
0 0.56875 0.3765625 0.05 0.05
0 0.47734375 0.35625 0.0265625 0.028125
0 0.30234375 0.36953125 0.0328125 0.0359375
0 0.0140625 0.359375 0.028125 0.05
0 0.0828125 0.215625 0.025 0.025