0 0.8265625 0.04453125 0.084375 0.0515625
0 0.71328125 0.0328125 0.0796875 0.065625
0 0.9578125 0.1453125 0.084375 0.08125
0 0.81640625 0.209375 0.0578125 0.059375
0 0.74140625 0.39375 0.0515625 0.096875
0 0.390625 0.009375 0.078125 0.01875
0 0.2484375 0.1046875 0.08125 0.096875
0 0.7578125 0.49453125 0.065625 0.0609375
0 0.51171875 0.8265625 0.0546875 0.05625
0 0.22109375 0.696875 0.0359375 0.05625
0 0.1546875 0.74375 0.059375 0.04375
0 0.940625 0.38046875 0.075 0.0421875
0 0.89375 0.50234375 0.040625 0.0453125
0 0.67734375 0.42265625 0.0578125 0.0453125
0 0.66015625 0.27109375 0.0453125 0.0515625
0 0.55078125 0.11015625 0.0484375 0.0359375
0 0.5359375 0.00703125 0.05625 0.0140625
0 0.834375 0.79296875 0.03125 0.0328125
0 0.221875 0.9484375 0.046875 0.05
0 0.36640625 0.484375 0.0234375 0.01875
0 0.47265625 0.60078125 0.0421875 0.0359375
0 0.61953125 0.5265625 0.0359375 0.04375
0 0.56875 0.4109375 0.028125 0.021875
0 0.5734375 0.378125 0.05625 0.04375
0 0.48046875 0.35859375 0.0359375 0.0203125
0 0.30390625 0.37109375 0.0359375 0.0328125
0 0.0140625 0.3609375 0.028125 0.05
0 0.084375 0.215625 0.028125 0.021875