0 0.95390625 0.82109375 0.0515625 0.0828125
0 0.96640625 0.709375 0.0671875 0.078125
0 0.853125 0.9546875 0.084375 0.084375
0 0.790625 0.81015625 0.059375 0.0578125
0 0.60703125 0.73671875 0.0953125 0.0515625
0 0.98984375 0.3875 0.0203125 0.078125
0 0.8953125 0.24609375 0.0875 0.0890625
0 0.50625 0.753125 0.0625 0.0625
0 0.17890625 0.50859375 0.0546875 0.0546875
0 0.30703125 0.21953125 0.0453125 0.0453125
0 0.259375 0.15390625 0.05 0.0515625
0 0.62109375 0.93359375 0.0578125 0.0578125
0 0.49921875 0.8875 0.0421875 0.04375
0 0.57890625 0.67265625 0.0515625 0.0515625
0 0.72890625 0.65546875 0.0484375 0.0484375
0 0.88984375 0.54765625 0.0359375 0.0484375
0 0.9921875 0.5328125 0.015625 0.05625
0 0.21015625 0.828125 0.0328125 0.03125
0 0.05625 0.2203125 0.046875 0.05
0 0.5171875 0.3625 0.021875 0.021875
0 0.40234375 0.46953125 0.0390625 0.0390625
0 0.475 0.61484375 0.040625 0.0390625
0 0.590625 0.5640625 0.025 0.025
0 0.6234375 0.56875 0.05 0.05
0 0.64375 0.47734375 0.028125 0.0265625
0 0.63046875 0.30234375 0.0359375 0.0328125
0 0.640625 0.0140625 0.05 0.028125
0 0.784375 0.0828125 0.025 0.025