0 0.52109375 0.015625 0.0484375 0.03125
0 0.40390625 0.078125 0.0546875 0.046875
0 0.6515625 0.12578125 0.06875 0.0484375
0 0.18359375 0.2765625 0.0359375 0.05
0 0.096875 0.31953125 0.053125 0.0453125
0 0.24140625 0.35 0.0484375 0.046875
0 0.86015625 0.396875 0.0515625 0.05625
0 0.14453125 0.42890625 0.0328125 0.0484375
0 0.31484375 0.45390625 0.0765625 0.0671875
0 0.12109375 0.5109375 0.0671875 0.06875
0 0.3875 0.6359375 0.040625 0.046875
0 0.96171875 0.6875 0.0515625 0.040625
0 0.328125 0.703125 0.03125 0.046875
0 0.90625 0.78515625 0.034375 0.0453125