0 0.9828125 0.5203125 0.034375 0.040625
0 0.921875 0.40390625 0.046875 0.0546875
0 0.87421875 0.65078125 0.0578125 0.0578125
0 0.7234375 0.18359375 0.05 0.0359375
0 0.68125 0.096875 0.05 0.046875
0 0.65078125 0.24140625 0.0484375 0.0484375
0 0.603125 0.86015625 0.053125 0.0546875
0 0.57109375 0.1453125 0.0421875 0.040625
0 0.5453125 0.31484375 0.071875 0.0703125
0 0.4890625 0.12109375 0.06875 0.0671875
0 0.3640625 0.3875 0.04375 0.04375
0 0.3125 0.96171875 0.040625 0.0515625
0 0.29765625 0.328125 0.0390625 0.0375
0 0.215625 0.90625 0.040625 0.040625