0 0.0171875 0.4796875 0.034375 0.040625
0 0.07734375 0.59609375 0.0515625 0.0515625
0 0.12578125 0.34921875 0.0578125 0.0578125
0 0.2765625 0.81640625 0.05 0.0359375
0 0.31875 0.903125 0.04375 0.053125
0 0.34921875 0.75859375 0.0484375 0.0484375
0 0.396875 0.13984375 0.053125 0.0546875
0 0.42890625 0.85546875 0.0484375 0.0328125
0 0.4546875 0.68515625 0.071875 0.0703125
0 0.5109375 0.87890625 0.06875 0.0671875
0 0.6359375 0.6125 0.04375 0.04375
0 0.6875 0.03828125 0.046875 0.0453125
0 0.70234375 0.671875 0.0390625 0.0375
0 0.784375 0.09375 0.04375 0.034375