0 0.97265625 0.20390625 0.0546875 0.0609375
0 0.9109375 0.9203125 0.08125 0.08125
0 0.903125 0.153125 0.065625 0.0625
0 0.68671875 0.1328125 0.0421875 0.040625
0 0.6578125 0.06640625 0.0375 0.0390625
0 0.63828125 0.1375 0.0515625 0.04375
0 0.621875 0.2296875 0.05625 0.05625
0 0.578125 0.97109375 0.05625 0.0546875
0 0.4609375 0.8875 0.05 0.040625
0 0.44609375 0.39609375 0.0515625 0.0359375
0 0.36640625 0.125 0.0453125 0.05
0 0.3453125 0.88515625 0.05625 0.0453125
0 0.34296875 0.42578125 0.0609375 0.0421875
0 0.271875 0.9 0.05 0.05
0 0.140625 0.0515625 0.06875 0.06875
0 0.03984375 0.26796875 0.0578125 0.0578125