0 0.20234375 0.028125 0.0609375 0.05625
0 0.91875 0.0921875 0.078125 0.084375
0 0.1515625 0.0984375 0.0625 0.065625
0 0.13125 0.31640625 0.040625 0.0421875
0 0.06484375 0.3453125 0.0390625 0.0375
0 0.1359375 0.36484375 0.046875 0.0484375
0 0.228125 0.38125 0.046875 0.0625
0 0.96953125 0.425 0.0546875 0.05625
0 0.88671875 0.540625 0.0453125 0.04375
0 0.39453125 0.55625 0.0421875 0.04375
0 0.1234375 0.63671875 0.05 0.0453125
0 0.88359375 0.6578125 0.0515625 0.05
0 0.42421875 0.66015625 0.0515625 0.0515625
0 0.8984375 0.7296875 0.05 0.05
0 0.05 0.8609375 0.0625 0.075
0 0.26640625 0.96171875 0.0578125 0.0578125