0 0.0265625 0.79765625 0.053125 0.0609375
0 0.0890625 0.0828125 0.084375 0.078125
0 0.0953125 0.85 0.065625 0.0625
0 0.31171875 0.8703125 0.0421875 0.040625
0 0.3421875 0.93671875 0.0375 0.0390625
0 0.36171875 0.865625 0.0484375 0.046875
0 0.378125 0.771875 0.0625 0.046875
0 0.421875 0.03046875 0.05625 0.0546875
0 0.5375 0.11484375 0.04375 0.0453125
0 0.553125 0.60703125 0.04375 0.0421875
0 0.63359375 0.878125 0.0453125 0.05
0 0.6546875 0.11796875 0.05 0.0515625
0 0.65703125 0.57734375 0.0515625 0.0515625
0 0.7265625 0.103125 0.05 0.05
0 0.8578125 0.95 0.075 0.0625
0 0.95859375 0.73359375 0.0578125 0.0578125