0 0.20390625 0.02890625 0.0609375 0.0578125
0 0.915625 0.0921875 0.08125 0.08125
0 0.153125 0.09921875 0.0625 0.0640625
0 0.1328125 0.31484375 0.040625 0.0421875
0 0.06640625 0.34375 0.0390625 0.0375
0 0.1375 0.36328125 0.04375 0.0515625
0 0.2296875 0.3796875 0.05625 0.05625
0 0.96640625 0.4234375 0.0546875 0.05625
0 0.8828125 0.5390625 0.040625 0.05
0 0.39453125 0.55390625 0.0359375 0.0515625
0 0.125 0.63359375 0.05 0.0453125
0 0.88046875 0.6546875 0.0453125 0.05625
0 0.42421875 0.65703125 0.0421875 0.0609375
0 0.8953125 0.7265625 0.05 0.05
0 0.053125 0.85703125 0.06875 0.0671875
0 0.26796875 0.95703125 0.0578125 0.0578125