0 0.9734375 0.2046875 0.053125 0.06875
0 0.909375 0.9203125 0.084375 0.078125
0 0.9015625 0.153125 0.06875 0.059375
0 0.68515625 0.13359375 0.0484375 0.0328125
0 0.65546875 0.06640625 0.0359375 0.0390625
0 0.63671875 0.1375 0.0515625 0.04375
0 0.6203125 0.2296875 0.0625 0.046875
0 0.57578125 0.9703125 0.0609375 0.05
0 0.459375 0.8875 0.05 0.040625
0 0.44453125 0.39609375 0.0515625 0.0359375
0 0.36484375 0.125 0.0453125 0.05
0 0.34375 0.88515625 0.05625 0.0453125
0 0.34140625 0.42578125 0.0609375 0.0421875
0 0.2703125 0.9 0.040625 0.059375
0 0.1390625 0.053125 0.075 0.065625
0 0.0375 0.26875 0.040625 0.078125