0 0.5 0.06796875 0.08125 0.0671875
0 0.6109375 0.11484375 0.059375 0.0640625
0 0.38125 0.14296875 0.1 0.0828125
0 0.89609375 0.1828125 0.0765625 0.071875
0 0.578125 0.2203125 0.06875 0.071875
0 0.715625 0.23046875 0.084375 0.0828125
0 0.42421875 0.29609375 0.0796875 0.0515625
0 0.0140625 0.35078125 0.028125 0.0765625
0 0.74296875 0.3546875 0.0546875 0.0625
0 0.2296875 0.37890625 0.059375 0.0703125
0 0.92421875 0.4078125 0.0703125 0.078125
0 0.76640625 0.475 0.0453125 0.05625
0 0.14921875 0.528125 0.0609375 0.071875
0 0.40625 0.53828125 0.078125 0.0703125
0 0.7515625 0.62578125 0.071875 0.0734375
0 0.87421875 0.7484375 0.0796875 0.0625
0 0.45234375 0.7890625 0.0640625 0.09375
0 0.2890625 0.8390625 0.059375 0.065625
0 0.84765625 0.94921875 0.0734375 0.0796875