0 0.065625 0.5015625 0.06875 0.08125
0 0.1125 0.390625 0.065625 0.059375
0 0.140625 0.62109375 0.084375 0.1015625
0 0.18125 0.103125 0.071875 0.078125
0 0.21875 0.4234375 0.071875 0.06875
0 0.2296875 0.284375 0.084375 0.084375
0 0.29453125 0.578125 0.0515625 0.08125
0 0.35 0.98828125 0.078125 0.0234375
0 0.3546875 0.25703125 0.0625 0.0546875
0 0.378125 0.7734375 0.071875 0.059375
0 0.4078125 0.075 0.078125 0.071875
0 0.475 0.23359375 0.05625 0.0453125
0 0.528125 0.85546875 0.071875 0.0609375
0 0.5390625 0.596875 0.071875 0.078125
0 0.6265625 0.2484375 0.075 0.071875
0 0.75 0.125 0.0625 0.08125
0 0.790625 0.55 0.09375 0.065625
0 0.8421875 0.7140625 0.065625 0.059375
0 0.953125 0.1515625 0.08125 0.075