0 0.06875 0.496875 0.075 0.071875
0 0.11640625 0.38671875 0.0609375 0.0609375
0 0.14375 0.61640625 0.09375 0.0921875
0 0.1828125 0.0984375 0.075 0.075
0 0.2234375 0.41875 0.071875 0.071875
0 0.2328125 0.2796875 0.084375 0.084375
0 0.296875 0.5734375 0.065625 0.06875
0 0.353125 0.98046875 0.053125 0.0390625
0 0.3578125 0.25234375 0.059375 0.0578125
0 0.38125 0.76875 0.071875 0.059375
0 0.4109375 0.0703125 0.075 0.075
0 0.478125 0.22890625 0.05625 0.0453125
0 0.53125 0.85 0.065625 0.06875
0 0.5421875 0.5921875 0.075 0.075
0 0.6296875 0.24375 0.075 0.071875
0 0.753125 0.1203125 0.071875 0.071875
0 0.79375 0.5453125 0.08125 0.078125
0 0.8453125 0.71015625 0.0625 0.0640625
0 0.95625 0.146875 0.078125 0.078125