0 0.98203125 0.00703125 0.0359375 0.0140625
0 0.33359375 0.0234375 0.0515625 0.028125
0 0.54921875 0.07421875 0.0578125 0.0453125
0 0.47265625 0.0859375 0.0453125 0.065625
0 0.5828125 0.1640625 0.0875 0.071875
0 0.4609375 0.1796875 0.06875 0.065625
0 0.5296875 0.19140625 0.05 0.0328125
0 0.68359375 0.225 0.0609375 0.065625
0 0.475 0.2359375 0.05 0.040625
0 0.353125 0.3265625 0.040625 0.040625
0 0.446875 0.334375 0.059375 0.046875
0 0.19296875 0.38125 0.0453125 0.040625
0 0.3078125 0.41640625 0.046875 0.0515625
0 0.79453125 0.4234375 0.0578125 0.071875
0 0.9359375 0.46015625 0.053125 0.0515625
0 0.4765625 0.553125 0.0875 0.071875
0 0.4515625 0.728125 0.071875 0.0875
0 0.1609375 0.79375 0.0625 0.05
0 0.4953125 0.815625 0.078125 0.071875