0 0.97890625 0.01015625 0.0265625 0.0203125
0 0.33203125 0.0234375 0.0515625 0.028125
0 0.54765625 0.07265625 0.0515625 0.0515625
0 0.47109375 0.08515625 0.0546875 0.0546875
0 0.58046875 0.16328125 0.0859375 0.0703125
0 0.45859375 0.17890625 0.0671875 0.0671875
0 0.52734375 0.18984375 0.0421875 0.0421875
0 0.68046875 0.22265625 0.0640625 0.0609375
0 0.4734375 0.234375 0.05 0.040625
0 0.3515625 0.3234375 0.040625 0.040625
0 0.4453125 0.33125 0.053125 0.053125
0 0.19296875 0.378125 0.0453125 0.040625
0 0.3078125 0.4125 0.05 0.05
0 0.79140625 0.42109375 0.0640625 0.0640625
0 0.93125 0.45703125 0.053125 0.0515625
0 0.475 0.54921875 0.078125 0.0796875
0 0.45 0.7234375 0.071875 0.0875
0 0.1609375 0.7890625 0.05625 0.05625
0 0.49375 0.809375 0.078125 0.071875