0 0.98359375 0.00859375 0.0265625 0.0171875
0 0.33359375 0.0203125 0.0515625 0.028125
0 0.54921875 0.07109375 0.0515625 0.0515625
0 0.47265625 0.08359375 0.0546875 0.0546875
0 0.5828125 0.1609375 0.0875 0.071875
0 0.4609375 0.1765625 0.06875 0.06875
0 0.52890625 0.18828125 0.0421875 0.0421875
0 0.6828125 0.22109375 0.065625 0.0609375
0 0.475 0.2328125 0.05 0.040625
0 0.353125 0.3234375 0.040625 0.040625
0 0.446875 0.33125 0.053125 0.053125
0 0.19296875 0.378125 0.0453125 0.040625
0 0.3078125 0.4125 0.05 0.05
0 0.7953125 0.4203125 0.065625 0.065625
0 0.9359375 0.45703125 0.053125 0.0515625
0 0.4765625 0.55 0.078125 0.08125
0 0.4515625 0.725 0.071875 0.0875
0 0.1609375 0.790625 0.05625 0.05625
0 0.4953125 0.8109375 0.078125 0.071875