0 0.01015625 0.01484375 0.0203125 0.0265625
0 0.0234375 0.66640625 0.028125 0.0515625
0 0.07421875 0.44921875 0.0515625 0.0515625
0 0.08671875 0.52578125 0.0546875 0.0546875
0 0.1640625 0.415625 0.071875 0.0875
0 0.1796875 0.5390625 0.06875 0.06875
0 0.19140625 0.46953125 0.0421875 0.0421875
0 0.22421875 0.315625 0.0609375 0.065625
0 0.2359375 0.5234375 0.040625 0.05
0 0.3265625 0.646875 0.040625 0.040625
0 0.334375 0.5515625 0.053125 0.053125
0 0.38125 0.80546875 0.040625 0.0453125
0 0.415625 0.690625 0.05 0.05
0 0.4234375 0.2046875 0.065625 0.065625
0 0.46015625 0.0640625 0.0515625 0.053125
0 0.553125 0.521875 0.08125 0.078125
0 0.728125 0.546875 0.0875 0.071875
0 0.79375 0.8390625 0.05625 0.05625
0 0.815625 0.503125 0.071875 0.078125