0 0.03046875 0.4734375 0.0609375 0.078125
0 0.040625 0.025 0.08125 0.05
0 0.0546875 0.346875 0.05625 0.0625
0 0.09765625 0.49609375 0.0578125 0.0578125
0 0.11484375 0.5515625 0.0359375 0.040625
0 0.21953125 0.0359375 0.0453125 0.071875
0 0.22734375 0.58828125 0.0609375 0.0546875
0 0.24609375 0.3 0.0546875 0.05625
0 0.2875 0.1578125 0.046875 0.046875
0 0.31015625 0.45546875 0.0421875 0.0328125
0 0.37421875 0.58515625 0.0359375 0.0515625
0 0.42265625 0.625 0.0515625 0.028125
0 0.553125 0.2765625 0.065625 0.04375
0 0.56875 0.7140625 0.071875 0.06875
0 0.5703125 0.575 0.1 0.059375
0 0.60390625 0.76328125 0.0609375 0.0390625
0 0.6125 0.115625 0.05625 0.046875
0 0.63671875 0.46171875 0.0390625 0.0546875
0 0.6859375 0.58046875 0.040625 0.0609375
0 0.690625 0.015625 0.10625 0.03125
0 0.740625 0.5421875 0.065625 0.0875
0 0.81015625 0.98203125 0.0484375 0.0359375
0 0.825 0.4640625 0.05625 0.05
0 0.878125 0.01953125 0.08125 0.0390625