0 0.0328125 0.475 0.065625 0.078125
0 0.04453125 0.03125 0.0671875 0.0625
0 0.059375 0.3484375 0.059375 0.059375
0 0.10078125 0.49765625 0.0578125 0.0578125
0 0.1171875 0.553125 0.0375 0.0375
0 0.22265625 0.0390625 0.0578125 0.059375
0 0.23046875 0.5890625 0.0609375 0.053125
0 0.24921875 0.303125 0.0546875 0.05625
0 0.290625 0.1609375 0.046875 0.046875
0 0.31328125 0.45625 0.0390625 0.0375
0 0.375 0.58515625 0.04375 0.0453125
0 0.4234375 0.625 0.040625 0.040625
0 0.55390625 0.2796875 0.0640625 0.04375
0 0.56875 0.71328125 0.06875 0.0703125
0 0.57109375 0.575 0.0796875 0.078125
0 0.603125 0.76328125 0.05 0.0515625
0 0.61328125 0.11875 0.0515625 0.053125
0 0.63671875 0.46328125 0.0390625 0.0546875
0 0.68515625 0.58046875 0.0515625 0.0515625
0 0.690625 0.01796875 0.10625 0.0359375
0 0.740625 0.54296875 0.075 0.0765625
0 0.81015625 0.98125 0.0484375 0.0375
0 0.8234375 0.465625 0.053125 0.053125
0 0.8765625 0.0265625 0.0625 0.053125