0 0.525 0.0328125 0.078125 0.065625
0 0.96875 0.04453125 0.0625 0.0671875
0 0.6515625 0.059375 0.059375 0.059375
0 0.50234375 0.10078125 0.0578125 0.0578125
0 0.446875 0.1171875 0.0375 0.0375
0 0.9609375 0.22265625 0.059375 0.0578125
0 0.41171875 0.23046875 0.0578125 0.0578125
0 0.696875 0.24921875 0.05625 0.0546875
0 0.8390625 0.290625 0.046875 0.046875
0 0.54296875 0.31328125 0.0328125 0.0421875
0 0.41484375 0.375 0.0515625 0.0375
0 0.375 0.4234375 0.028125 0.053125
0 0.7203125 0.55390625 0.04375 0.0640625
0 0.28671875 0.56875 0.0703125 0.06875
0 0.425 0.57109375 0.078125 0.0796875
0 0.23671875 0.603125 0.0390625 0.0625
0 0.88125 0.6125 0.046875 0.05625
0 0.53671875 0.63671875 0.0546875 0.0390625
0 0.41953125 0.6859375 0.0609375 0.040625
0 0.98203125 0.690625 0.0359375 0.10625
0 0.45703125 0.740625 0.0765625 0.075
0 0.01875 0.81015625 0.0375 0.0484375
0 0.534375 0.8234375 0.053125 0.053125
0 0.9734375 0.8765625 0.053125 0.0625