0 0.5265625 0.03046875 0.078125 0.0609375
0 0.97109375 0.040625 0.0578125 0.06875
0 0.6546875 0.0546875 0.059375 0.059375
0 0.50390625 0.09765625 0.0578125 0.0578125
0 0.4484375 0.1140625 0.0375 0.0375
0 0.965625 0.21953125 0.059375 0.0578125
0 0.4125 0.22734375 0.053125 0.0609375
0 0.7 0.24609375 0.05625 0.0546875
0 0.84375 0.2875 0.046875 0.046875
0 0.5453125 0.31015625 0.0375 0.0390625
0 0.41640625 0.3734375 0.0453125 0.04375
0 0.3765625 0.421875 0.040625 0.040625
0 0.7234375 0.553125 0.04375 0.065625
0 0.2875 0.56875 0.071875 0.06875
0 0.4265625 0.5703125 0.078125 0.08125
0 0.23671875 0.603125 0.0515625 0.05
0 0.8859375 0.61328125 0.053125 0.0515625
0 0.53828125 0.63671875 0.0546875 0.0390625
0 0.42109375 0.68515625 0.0515625 0.0515625
0 0.984375 0.690625 0.03125 0.10625
0 0.459375 0.740625 0.078125 0.075
0 0.01796875 0.81015625 0.0359375 0.0484375
0 0.5359375 0.825 0.053125 0.053125
0 0.97578125 0.878125 0.0484375 0.0625