0 0.52578125 0.03125 0.0796875 0.0625
0 0.97109375 0.0421875 0.0578125 0.06875
0 0.6546875 0.05625 0.059375 0.059375
0 0.50390625 0.09921875 0.0578125 0.0578125
0 0.4484375 0.115625 0.0375 0.0375
0 0.965625 0.22109375 0.059375 0.0578125
0 0.41328125 0.22890625 0.0578125 0.0578125
0 0.7 0.24765625 0.05625 0.0546875
0 0.84375 0.2890625 0.046875 0.046875
0 0.54453125 0.31171875 0.0328125 0.0421875
0 0.41640625 0.375 0.0515625 0.0375
0 0.3765625 0.4234375 0.028125 0.053125
0 0.7234375 0.5546875 0.04375 0.065625
0 0.2875 0.5703125 0.071875 0.06875
0 0.4265625 0.571875 0.078125 0.08125
0 0.23671875 0.6046875 0.0390625 0.0625
0 0.8859375 0.6140625 0.046875 0.05625
0 0.53828125 0.63828125 0.0546875 0.0390625
0 0.42109375 0.6875 0.0609375 0.040625
0 0.984375 0.6921875 0.03125 0.10625
0 0.459375 0.7421875 0.078125 0.075
0 0.01796875 0.81171875 0.0359375 0.0484375
0 0.5359375 0.8265625 0.053125 0.053125
0 0.97578125 0.8796875 0.0484375 0.0625