0 0.03046875 0.475 0.0609375 0.078125
0 0.040625 0.02578125 0.08125 0.0515625
0 0.0546875 0.3484375 0.05625 0.0625
0 0.09765625 0.49765625 0.0578125 0.0578125
0 0.11484375 0.553125 0.0359375 0.040625
0 0.21953125 0.03671875 0.0453125 0.0734375
0 0.22734375 0.58984375 0.0609375 0.0546875
0 0.24609375 0.3015625 0.0546875 0.05625
0 0.2875 0.159375 0.046875 0.046875
0 0.31015625 0.45703125 0.0421875 0.0328125
0 0.37421875 0.58671875 0.0359375 0.0515625
0 0.42265625 0.6265625 0.0515625 0.028125
0 0.553125 0.278125 0.065625 0.04375
0 0.56875 0.715625 0.071875 0.06875
0 0.5703125 0.5765625 0.1 0.059375
0 0.60390625 0.76484375 0.0609375 0.0390625
0 0.6125 0.1171875 0.05625 0.046875
0 0.63671875 0.46328125 0.0390625 0.0546875
0 0.6859375 0.58203125 0.040625 0.0609375
0 0.690625 0.01640625 0.10625 0.0328125
0 0.740625 0.54375 0.065625 0.0875
0 0.81015625 0.9828125 0.0484375 0.034375
0 0.825 0.465625 0.05625 0.05
0 0.878125 0.0203125 0.08125 0.040625