0 0.4984375 0.0578125 0.071875 0.053125
0 0.53515625 0.14453125 0.0515625 0.0546875
0 0.34609375 0.159375 0.0515625 0.053125
0 0.2765625 0.16953125 0.05 0.0484375
0 0.69375 0.2140625 0.04375 0.04375
0 0.55 0.2328125 0.078125 0.08125
0 0.21328125 0.2625 0.0546875 0.05625
0 0.7375 0.29296875 0.053125 0.0515625
0 0.909375 0.2953125 0.084375 0.08125
0 0.15703125 0.3453125 0.0578125 0.05625
0 0.74375 0.371875 0.06875 0.065625
0 0.60703125 0.5515625 0.0546875 0.05625
0 0.1828125 0.590625 0.075 0.075
0 0.940625 0.6640625 0.078125 0.078125
0 0.303125 0.6671875 0.046875 0.046875
0 0.2875 0.71875 0.059375 0.0625
0 0.1546875 0.7453125 0.05625 0.053125
0 0.04375 0.83125 0.05 0.05
0 0.8578125 0.878125 0.125 0.0875
0 0.6875 0.8875 0.065625 0.06875