0 0.0609375 0.50078125 0.053125 0.0734375
0 0.14609375 0.46484375 0.0484375 0.0578125
0 0.16171875 0.65390625 0.0515625 0.0515625
0 0.17109375 0.721875 0.0484375 0.05
0 0.215625 0.3078125 0.040625 0.046875
0 0.23359375 0.45 0.0859375 0.071875
0 0.2640625 0.78515625 0.05625 0.0546875
0 0.29453125 0.2640625 0.0546875 0.05
0 0.296875 0.09375 0.059375 0.10625
0 0.34609375 0.84140625 0.0515625 0.0609375
0 0.371875 0.259375 0.075 0.059375
0 0.55234375 0.39375 0.0609375 0.05
0 0.5890625 0.81484375 0.08125 0.0671875
0 0.66328125 0.0625 0.0671875 0.0875
0 0.665625 0.69453125 0.040625 0.0546875
0 0.7171875 0.7109375 0.0625 0.059375
0 0.74375 0.84375 0.053125 0.05625
0 0.82890625 0.953125 0.0515625 0.05
0 0.875 0.14453125 0.0875 0.1234375
0 0.88515625 0.3140625 0.0640625 0.06875