0 0.49921875 0.0609375 0.0734375 0.053125
0 0.53515625 0.14609375 0.0578125 0.0484375
0 0.34609375 0.16171875 0.0515625 0.0515625
0 0.278125 0.17109375 0.05 0.0484375
0 0.6921875 0.215625 0.046875 0.040625
0 0.55 0.23359375 0.071875 0.0859375
0 0.21484375 0.2640625 0.0546875 0.05625
0 0.7359375 0.29453125 0.05 0.0546875
0 0.90625 0.296875 0.10625 0.059375
0 0.15859375 0.34609375 0.0609375 0.0515625
0 0.740625 0.371875 0.059375 0.075
0 0.60625 0.55234375 0.05 0.0609375
0 0.18515625 0.5890625 0.0671875 0.08125
0 0.9375 0.66328125 0.0875 0.0671875
0 0.30546875 0.665625 0.0546875 0.040625
0 0.2890625 0.7171875 0.059375 0.0625
0 0.15625 0.74375 0.05625 0.053125
0 0.046875 0.82890625 0.05 0.0515625
0 0.85546875 0.875 0.1234375 0.0875
0 0.6859375 0.88515625 0.06875 0.0640625