0 0.9703125 0.46875 0.040625 0.05625
0 0.89375 0.48203125 0.040625 0.0578125
0 0.89140625 0.01015625 0.0296875 0.0203125
0 0.8328125 0.996875 0.059375 0.00625
0 0.77578125 0.98203125 0.0421875 0.0359375
0 0.77421875 0.921875 0.0453125 0.046875
0 0.68046875 0.75859375 0.0515625 0.0515625
0 0.575 0.24296875 0.040625 0.0328125
0 0.57109375 0.7890625 0.0484375 0.04375
0 0.5390625 0.8875 0.040625 0.046875
0 0.48359375 0.82109375 0.0453125 0.0421875
0 0.44921875 0.153125 0.0390625 0.0375
0 0.45 0.6359375 0.071875 0.06875
0 0.43671875 0.909375 0.0578125 0.03125
0 0.43515625 0.05859375 0.0421875 0.0421875
0 0.38046875 0.3984375 0.0453125 0.059375
0 0.30625 0.7015625 0.046875 0.046875
0 0.2734375 0.85859375 0.053125 0.0859375
0 0.20390625 0.51875 0.0390625 0.0375
0 0.115625 0.9 0.065625 0.0625