0 0.46640625 0.03125 0.0546875 0.040625
0 0.47890625 0.1078125 0.0578125 0.040625
0 0.00703125 0.1109375 0.0140625 0.04375
0 0.99375 0.16875 0.0125 0.059375
0 0.9796875 0.22578125 0.040625 0.0453125
0 0.91640625 0.2265625 0.0453125 0.046875
0 0.75390625 0.31953125 0.0578125 0.0453125
0 0.24140625 0.425 0.0328125 0.040625
0 0.784375 0.42890625 0.04375 0.0484375
0 0.88125 0.459375 0.046875 0.040625
0 0.81484375 0.51484375 0.0421875 0.0453125
0 0.1515625 0.54921875 0.04375 0.0328125
0 0.63125 0.54921875 0.06875 0.0703125
0 0.90390625 0.56171875 0.0328125 0.0578125
0 0.05859375 0.56328125 0.0453125 0.0390625
0 0.3953125 0.61796875 0.059375 0.0453125
0 0.696875 0.690625 0.05625 0.0375
0 0.853125 0.7234375 0.084375 0.053125
0 0.515625 0.79296875 0.040625 0.0359375
0 0.89375 0.8796875 0.071875 0.05625