0 0.9734375 0.46796875 0.040625 0.0546875
0 0.896875 0.48046875 0.040625 0.0578125
0 0.89375 0.00625 0.04375 0.0125
0 0.8359375 0.99609375 0.059375 0.0078125
0 0.77734375 0.98203125 0.0453125 0.0359375
0 0.7765625 0.92109375 0.046875 0.0453125
0 0.68359375 0.75703125 0.0453125 0.0578125
0 0.578125 0.24140625 0.040625 0.0328125
0 0.57421875 0.7875 0.0484375 0.04375
0 0.5421875 0.8859375 0.040625 0.046875
0 0.48671875 0.81953125 0.0453125 0.0421875
0 0.45234375 0.1515625 0.0328125 0.04375
0 0.453125 0.634375 0.071875 0.06875
0 0.43984375 0.90859375 0.0578125 0.0328125
0 0.43828125 0.05703125 0.0390625 0.0453125
0 0.38359375 0.396875 0.0453125 0.059375
0 0.309375 0.7 0.0375 0.05625
0 0.2765625 0.8578125 0.053125 0.084375
0 0.20703125 0.5171875 0.0359375 0.040625
0 0.1203125 0.8984375 0.05625 0.071875