0 0.02890625 0.5328125 0.0484375 0.046875
0 0.10625 0.51953125 0.040625 0.0578125
0 0.109375 0.99375 0.04375 0.0125
0 0.16640625 0.01015625 0.0359375 0.0203125
0 0.2234375 0.01796875 0.04375 0.0359375
0 0.225 0.08125 0.046875 0.04375
0 0.31875 0.24296875 0.04375 0.0578125
0 0.425 0.75859375 0.0375 0.0359375
0 0.42890625 0.2125 0.0453125 0.046875
0 0.459375 0.115625 0.040625 0.046875
0 0.515625 0.18203125 0.04375 0.0453125
0 0.54921875 0.85 0.0390625 0.0375
0 0.55 0.3671875 0.071875 0.06875
0 0.56171875 0.09296875 0.0453125 0.0453125
0 0.56484375 0.94296875 0.0421875 0.0421875
0 0.61953125 0.6046875 0.0453125 0.059375
0 0.6921875 0.3 0.046875 0.046875
0 0.725 0.14375 0.053125 0.084375
0 0.79453125 0.4828125 0.0390625 0.0375
0 0.8828125 0.103125 0.065625 0.0625