0 0.06171875 0.525 0.0453125 0.040625
0 0.25234375 0.41015625 0.0359375 0.0421875
0 0.27109375 0.284375 0.0515625 0.0625
0 0.2953125 0.13046875 0.065625 0.0578125
0 0.35703125 0.35078125 0.0640625 0.0484375
0 0.3796875 0.1140625 0.053125 0.05625
0 0.49453125 0.9765625 0.0671875 0.046875
0 0.55 0.53828125 0.046875 0.0703125
0 0.5640625 0.3578125 0.0625 0.053125
0 0.6125 0.6578125 0.078125 0.10625
0 0.70234375 0.31484375 0.0921875 0.0671875
0 0.8234375 0.07734375 0.040625 0.0359375
0 0.85390625 0.32734375 0.0921875 0.0671875
0 0.8546875 0.1234375 0.06875 0.059375
0 0.8640625 0.78984375 0.05625 0.0640625
0 0.909375 0.24453125 0.06875 0.0546875
0 0.92265625 0.7453125 0.0640625 0.0875
0 0.9515625 0.86484375 0.071875 0.0703125