0 0.9390625 0.475 0.046875 0.040625
0 0.74765625 0.58984375 0.0390625 0.0390625
0 0.72890625 0.715625 0.0578125 0.05625
0 0.7046875 0.86953125 0.065625 0.0578125
0 0.64296875 0.64921875 0.0546875 0.0546875
0 0.6203125 0.8859375 0.053125 0.05625
0 0.50625 0.02578125 0.05625 0.0515625
0 0.45078125 0.46171875 0.0578125 0.0578125
0 0.4359375 0.6421875 0.059375 0.05625
0 0.3875 0.3421875 0.078125 0.10625
0 0.29765625 0.68515625 0.0796875 0.0796875
0 0.17734375 0.92265625 0.0390625 0.0390625
0 0.14609375 0.67265625 0.0796875 0.0796875
0 0.1453125 0.87578125 0.065625 0.0640625
0 0.1359375 0.209375 0.059375 0.059375
0 0.090625 0.7546875 0.06875 0.053125
0 0.07734375 0.2546875 0.0640625 0.0875
0 0.0484375 0.13515625 0.071875 0.0703125