0 0.05625 0.525 0.046875 0.040625
0 0.24921875 0.41015625 0.0390625 0.0390625
0 0.26796875 0.2828125 0.0578125 0.05625
0 0.2921875 0.12890625 0.065625 0.0578125
0 0.35546875 0.35078125 0.0546875 0.0546875
0 0.378125 0.1125 0.053125 0.05625
0 0.4921875 0.97578125 0.05625 0.0484375
0 0.54765625 0.53828125 0.0578125 0.0578125
0 0.5640625 0.3578125 0.059375 0.05625
0 0.6125 0.659375 0.078125 0.10625
0 0.703125 0.3140625 0.08125 0.08125
0 0.82421875 0.07578125 0.0390625 0.0390625
0 0.8546875 0.3265625 0.08125 0.08125
0 0.85625 0.121875 0.065625 0.065625
0 0.865625 0.7921875 0.059375 0.059375
0 0.9109375 0.24375 0.06875 0.053125
0 0.9234375 0.746875 0.065625 0.0875
0 0.953125 0.8671875 0.071875 0.071875