0 0.940625 0.4765625 0.04375 0.04375
0 0.74765625 0.59296875 0.0390625 0.0390625
0 0.72890625 0.71875 0.0578125 0.05625
0 0.7046875 0.87421875 0.065625 0.0578125
0 0.64296875 0.65234375 0.0546875 0.0546875
0 0.6203125 0.890625 0.05625 0.05625
0 0.5046875 0.025 0.05625 0.05
0 0.4484375 0.4640625 0.046875 0.071875
0 0.434375 0.6453125 0.059375 0.05625
0 0.3859375 0.34375 0.078125 0.10625
0 0.2953125 0.6890625 0.08125 0.08125
0 0.1734375 0.92734375 0.040625 0.0359375
0 0.14375 0.675 0.09375 0.06875
0 0.1421875 0.8796875 0.065625 0.065625
0 0.1328125 0.209375 0.05625 0.0625
0 0.0875 0.7578125 0.0625 0.0625
0 0.0734375 0.2546875 0.065625 0.0875
0 0.0453125 0.134375 0.071875 0.071875