0 0.940625 0.475 0.04375 0.04375
0 0.74765625 0.59140625 0.0390625 0.0390625
0 0.72890625 0.7171875 0.0578125 0.05625
0 0.7046875 0.87265625 0.065625 0.0578125
0 0.64296875 0.65078125 0.0546875 0.0546875
0 0.6203125 0.8890625 0.05625 0.05625
0 0.5046875 0.02421875 0.05625 0.0484375
0 0.4484375 0.4625 0.046875 0.071875
0 0.434375 0.64375 0.059375 0.05625
0 0.3859375 0.3421875 0.078125 0.10625
0 0.2953125 0.6859375 0.08125 0.08125
0 0.1734375 0.92578125 0.040625 0.0359375
0 0.14375 0.6734375 0.09375 0.06875
0 0.1421875 0.878125 0.065625 0.065625
0 0.1328125 0.2078125 0.05625 0.0625
0 0.0875 0.75625 0.0625 0.0625
0 0.0734375 0.253125 0.065625 0.0875
0 0.0453125 0.1328125 0.071875 0.071875