0 0.475 0.0609375 0.04375 0.04375
0 0.58984375 0.25234375 0.0390625 0.0390625
0 0.715625 0.27109375 0.05625 0.0578125
0 0.86953125 0.2953125 0.0578125 0.065625
0 0.64921875 0.35703125 0.0546875 0.0546875
0 0.8859375 0.3796875 0.05625 0.05625
0 0.02578125 0.49375 0.0515625 0.05625
0 0.46171875 0.55 0.0703125 0.046875
0 0.6421875 0.5640625 0.05625 0.059375
0 0.3421875 0.6125 0.10625 0.078125
0 0.68515625 0.70234375 0.0796875 0.0796875
0 0.92265625 0.8234375 0.0359375 0.040625
0 0.67265625 0.853125 0.0671875 0.09375
0 0.87578125 0.8546875 0.0640625 0.065625
0 0.209375 0.8640625 0.0625 0.05625
0 0.7546875 0.909375 0.0625 0.0625
0 0.2546875 0.92265625 0.0875 0.0640625
0 0.13515625 0.95078125 0.0703125 0.0703125