0 0.946875 0.18125 0.040625 0.0625
0 0.9015625 0.78359375 0.06875 0.0859375
0 0.85078125 0.86796875 0.0578125 0.0578125
0 0.825 0.70859375 0.059375 0.0609375
0 0.72890625 0.60078125 0.0390625 0.0421875
0 0.6453125 0.29453125 0.0375 0.0359375
0 0.6421875 0.6140625 0.0375 0.0375
0 0.6375 0.740625 0.059375 0.059375
0 0.5671875 0.0859375 0.065625 0.065625
0 0.48125 0.12890625 0.065625 0.0609375
0 0.2515625 0.68671875 0.0625 0.0609375
0 0.2296875 0.625 0.06875 0.06875
0 0.18359375 0.33671875 0.0578125 0.0578125