0 0.1828125 0.0546875 0.0625 0.040625
0 0.78203125 0.09921875 0.0859375 0.0671875
0 0.86484375 0.15078125 0.0578125 0.0578125
0 0.70703125 0.1765625 0.0609375 0.059375
0 0.59921875 0.27109375 0.0421875 0.0390625
0 0.29609375 0.3546875 0.0359375 0.0375
0 0.6125 0.3578125 0.0375 0.0375
0 0.7390625 0.3625 0.059375 0.059375
0 0.0875 0.4328125 0.065625 0.065625
0 0.13046875 0.5171875 0.0609375 0.065625
0 0.68515625 0.7453125 0.0609375 0.0625
0 0.6234375 0.7671875 0.06875 0.06875
0 0.33671875 0.81328125 0.0578125 0.0578125