0 0.0296875 0.646875 0.059375 0.065625
0 0.103125 0.4953125 0.071875 0.071875
0 0.23828125 0.11796875 0.0546875 0.0546875
0 0.246875 0.790625 0.046875 0.03125
0 0.29296875 0.18984375 0.0484375 0.0484375
0 0.30390625 0.89765625 0.0546875 0.0703125
0 0.32890625 0.27890625 0.0578125 0.0578125
0 0.353125 0.790625 0.053125 0.03125
0 0.3546875 0.128125 0.05625 0.05625
0 0.3953125 0.9140625 0.05 0.05625
0 0.3953125 0.040625 0.05 0.05
0 0.39765625 0.68828125 0.0328125 0.0328125
0 0.4125 0.01328125 0.0375 0.0265625
0 0.4234375 0.77734375 0.0375 0.0390625
0 0.43828125 0.82890625 0.0328125 0.0328125
0 0.47421875 0.16484375 0.0546875 0.0515625
0 0.51484375 0.4234375 0.0390625 0.040625
0 0.5703125 0.86875 0.071875 0.034375
0 0.5890625 0.234375 0.05 0.05
0 0.63828125 0.9671875 0.0609375 0.059375
0 0.65 0.846875 0.0625 0.065625
0 0.67578125 0.02578125 0.0390625 0.0390625
0 0.69375 0.3140625 0.059375 0.065625
0 0.734375 0.63046875 0.040625 0.0421875
0 0.74453125 0.53515625 0.0390625 0.0390625
0 0.815625 0.81640625 0.04375 0.0421875
0 0.9109375 0.49375 0.065625 0.096875
0 0.928125 0.3859375 0.0625 0.065625