0 0.35625 0.0296875 0.065625 0.059375
0 0.5078125 0.103125 0.071875 0.071875
0 0.88515625 0.23828125 0.0546875 0.0546875
0 0.2109375 0.246875 0.03125 0.046875
0 0.81171875 0.29296875 0.0484375 0.0484375
0 0.1046875 0.30390625 0.06875 0.0546875
0 0.72265625 0.32890625 0.0578125 0.0578125
0 0.2109375 0.353125 0.03125 0.053125
0 0.875 0.3546875 0.05625 0.05625
0 0.0890625 0.3953125 0.05625 0.05
0 0.9609375 0.3953125 0.05 0.05
0 0.31484375 0.39765625 0.0328125 0.0328125
0 0.9875 0.4125 0.025 0.0375
0 0.22421875 0.4234375 0.0390625 0.0375
0 0.17421875 0.43828125 0.0328125 0.0328125
0 0.83828125 0.47421875 0.0515625 0.0546875
0 0.5796875 0.51484375 0.040625 0.0390625
0 0.134375 0.5703125 0.034375 0.071875
0 0.7671875 0.5890625 0.05 0.05
0 0.034375 0.63828125 0.059375 0.0609375
0 0.1546875 0.65 0.065625 0.0625
0 0.97578125 0.67578125 0.0390625 0.0390625
0 0.6890625 0.69375 0.065625 0.059375
0 0.37265625 0.734375 0.0421875 0.040625
0 0.46640625 0.74453125 0.0390625 0.0390625
0 0.18671875 0.815625 0.0421875 0.04375
0 0.5078125 0.9109375 0.096875 0.065625
0 0.615625 0.928125 0.065625 0.0625