0 0.3546875 0.03046875 0.06875 0.0609375
0 0.50390625 0.10546875 0.0734375 0.0671875
0 0.87890625 0.23984375 0.0578125 0.0515625
0 0.209375 0.2484375 0.03125 0.046875
0 0.8078125 0.29453125 0.05 0.0484375
0 0.103125 0.30546875 0.06875 0.0546875
0 0.71796875 0.32890625 0.0515625 0.0640625
0 0.209375 0.353125 0.03125 0.053125
0 0.86953125 0.3546875 0.0546875 0.059375
0 0.0875 0.3953125 0.05625 0.05
0 0.9546875 0.3953125 0.053125 0.05
0 0.31171875 0.39765625 0.0296875 0.0359375
0 0.9890625 0.41328125 0.021875 0.0546875
0 0.22265625 0.4234375 0.0484375 0.028125
0 0.1734375 0.43828125 0.028125 0.0359375
0 0.83203125 0.47421875 0.0515625 0.0546875
0 0.575 0.51484375 0.034375 0.0453125
0 0.13359375 0.56875 0.0328125 0.071875
0 0.7625 0.5875 0.059375 0.040625
0 0.034375 0.63671875 0.06875 0.0515625
0 0.15390625 0.6484375 0.0515625 0.075
0 0.96953125 0.67421875 0.0421875 0.0359375
0 0.68359375 0.6921875 0.0640625 0.059375
0 0.36953125 0.7328125 0.0421875 0.040625
0 0.46328125 0.74375 0.0296875 0.046875
0 0.18515625 0.8125 0.0421875 0.04375
0 0.5046875 0.90859375 0.096875 0.0671875
0 0.61171875 0.925 0.0515625 0.075