0 0.03046875 0.6453125 0.0609375 0.06875
0 0.10546875 0.49609375 0.0671875 0.0734375
0 0.23984375 0.12109375 0.0515625 0.0578125
0 0.2484375 0.790625 0.046875 0.03125
0 0.29453125 0.1921875 0.0484375 0.05
0 0.30546875 0.896875 0.0546875 0.06875
0 0.32890625 0.28203125 0.0640625 0.0515625
0 0.353125 0.790625 0.053125 0.03125
0 0.3546875 0.13046875 0.059375 0.0546875
0 0.3953125 0.9125 0.05 0.05625
0 0.3953125 0.0453125 0.05 0.053125
0 0.39765625 0.68828125 0.0359375 0.0296875
0 0.41328125 0.0109375 0.0546875 0.021875
0 0.4234375 0.77734375 0.028125 0.0484375
0 0.43828125 0.8265625 0.0359375 0.028125
0 0.47421875 0.16796875 0.0546875 0.0515625
0 0.51484375 0.425 0.0453125 0.034375
0 0.56875 0.86640625 0.071875 0.0328125
0 0.5875 0.2375 0.040625 0.059375
0 0.63671875 0.965625 0.0515625 0.06875
0 0.6484375 0.84609375 0.075 0.0515625
0 0.67421875 0.03046875 0.0359375 0.0421875
0 0.6921875 0.31640625 0.059375 0.0640625
0 0.7328125 0.63046875 0.040625 0.0421875
0 0.74375 0.53671875 0.046875 0.0296875
0 0.8125 0.81484375 0.04375 0.0421875
0 0.90859375 0.4953125 0.0671875 0.096875
0 0.925 0.38828125 0.075 0.0515625