0 0.69296875 0.071875 0.0546875 0.04375
0 0.2296875 0.0828125 0.0625 0.0625
0 0.5 0.0890625 0.034375 0.03125
0 0.8640625 0.1390625 0.05 0.059375
0 0.52265625 0.15625 0.0359375 0.028125
0 0.75 0.1875 0.028125 0.028125
0 0.66484375 0.203125 0.0359375 0.028125
0 0.1421875 0.2671875 0.034375 0.034375
0 0.75390625 0.271875 0.0671875 0.08125
0 0.00625 0.3125 0.0125 0.040625
0 0.221875 0.36484375 0.046875 0.0484375
0 0.00703125 0.46484375 0.0140625 0.0484375
0 0.4796875 0.49375 0.078125 0.096875
0 0.36640625 0.5171875 0.1015625 0.1
0 0.853125 0.546875 0.03125 0.040625
0 0.890625 0.58671875 0.034375 0.0328125
0 0.23125 0.65078125 0.034375 0.0328125
0 0.859375 0.6640625 0.034375 0.03125
0 0.1234375 0.725 0.059375 0.059375
0 0.5546875 0.7484375 0.059375 0.05625
0 0.29765625 0.78125 0.0359375 0.034375
0 0.62109375 0.84375 0.0421875 0.040625