0 0.69453125 0.0703125 0.0484375 0.05
0 0.228125 0.08125 0.0625 0.0625
0 0.5 0.0875 0.03125 0.034375
0 0.86796875 0.1375 0.0546875 0.053125
0 0.52265625 0.1546875 0.0359375 0.028125
0 0.7515625 0.1859375 0.025 0.03125
0 0.66640625 0.2015625 0.0328125 0.03125
0 0.140625 0.265625 0.034375 0.034375
0 0.75625 0.2703125 0.06875 0.08125
0 0.0078125 0.31015625 0.015625 0.0265625
0 0.2203125 0.3640625 0.05625 0.040625
0 0.00546875 0.46484375 0.0109375 0.0484375
0 0.4796875 0.49375 0.0875 0.0875
0 0.365625 0.5171875 0.103125 0.1
0 0.85625 0.546875 0.03125 0.040625
0 0.89375 0.58828125 0.034375 0.0328125
0 0.2296875 0.65234375 0.034375 0.0328125
0 0.8625 0.665625 0.034375 0.03125
0 0.121875 0.7265625 0.05625 0.0625
0 0.5546875 0.75 0.059375 0.05625
0 0.29609375 0.7828125 0.0265625 0.04375
0 0.62265625 0.846875 0.0484375 0.034375