0 0.928125 0.69296875 0.05 0.0484375
0 0.9171875 0.2296875 0.0625 0.0625
0 0.9109375 0.5 0.034375 0.03125
0 0.8609375 0.86484375 0.053125 0.0546875
0 0.84375 0.52265625 0.028125 0.0359375
0 0.8125 0.75 0.03125 0.025
0 0.796875 0.66484375 0.03125 0.0328125
0 0.7328125 0.1421875 0.034375 0.034375
0 0.728125 0.75390625 0.08125 0.0671875
0 0.68828125 0.009375 0.0265625 0.01875
0 0.6359375 0.221875 0.040625 0.05625
0 0.53515625 0.00703125 0.0484375 0.0140625
0 0.50625 0.4796875 0.0875 0.0875
0 0.4828125 0.36640625 0.1 0.1015625
0 0.453125 0.853125 0.040625 0.03125
0 0.41328125 0.890625 0.0328125 0.034375
0 0.34921875 0.23125 0.0328125 0.034375
0 0.3359375 0.859375 0.03125 0.034375
0 0.275 0.1234375 0.0625 0.05625
0 0.2515625 0.5546875 0.05625 0.059375
0 0.21875 0.29765625 0.04375 0.0265625
0 0.15625 0.62109375 0.034375 0.0484375