0 0.9328125 0.69453125 0.04375 0.0546875
0 0.921875 0.228125 0.0625 0.0625
0 0.915625 0.5 0.03125 0.034375
0 0.865625 0.8671875 0.059375 0.05
0 0.8484375 0.52265625 0.028125 0.0359375
0 0.8171875 0.7515625 0.028125 0.028125
0 0.8 0.66640625 0.028125 0.0359375
0 0.7359375 0.140625 0.034375 0.034375
0 0.73125 0.75625 0.08125 0.06875
0 0.690625 0.0046875 0.040625 0.009375
0 0.63828125 0.2203125 0.0484375 0.046875
0 0.53671875 0.00546875 0.0484375 0.0109375
0 0.5078125 0.4796875 0.096875 0.078125
0 0.484375 0.365625 0.1 0.103125
0 0.4546875 0.85625 0.040625 0.03125
0 0.41484375 0.89375 0.0328125 0.034375
0 0.35078125 0.2296875 0.0328125 0.034375
0 0.3375 0.8625 0.03125 0.034375
0 0.275 0.121875 0.059375 0.059375
0 0.2515625 0.5546875 0.05625 0.059375
0 0.21875 0.29609375 0.034375 0.0359375
0 0.15625 0.62265625 0.040625 0.0421875