0 0.07421875 0.30234375 0.0453125 0.0546875
0 0.084375 0.76875 0.059375 0.065625
0 0.090625 0.49609375 0.034375 0.0328125
0 0.140625 0.13125 0.059375 0.05
0 0.1578125 0.47421875 0.028125 0.0359375
0 0.1890625 0.2453125 0.03125 0.025
0 0.2046875 0.33203125 0.028125 0.0359375
0 0.26953125 0.85703125 0.0359375 0.0328125
0 0.2734375 0.2421875 0.08125 0.06875
0 0.315625 0.99375 0.040625 0.0125
0 0.3671875 0.77578125 0.040625 0.0546875
0 0.46796875 0.99296875 0.0484375 0.0140625
0 0.496875 0.5171875 0.096875 0.078125
0 0.5203125 0.63125 0.1 0.103125
0 0.55 0.14140625 0.040625 0.0328125
0 0.59140625 0.10390625 0.0359375 0.0328125
0 0.65546875 0.7671875 0.0328125 0.034375
0 0.66875 0.1359375 0.03125 0.034375
0 0.73046875 0.8765625 0.0609375 0.05625
0 0.753125 0.4421875 0.059375 0.05625
0 0.7859375 0.70078125 0.04375 0.0265625
0 0.85 0.37578125 0.034375 0.0484375