0 0.93203125 0.69765625 0.0453125 0.0546875
0 0.921875 0.23125 0.059375 0.065625
0 0.915625 0.50390625 0.034375 0.0328125
0 0.865625 0.8703125 0.059375 0.05
0 0.8484375 0.52578125 0.028125 0.0359375
0 0.8171875 0.7546875 0.03125 0.025
0 0.8 0.66953125 0.028125 0.0359375
0 0.73515625 0.14453125 0.0359375 0.0328125
0 0.73125 0.759375 0.08125 0.06875
0 0.690625 0.00625 0.040625 0.0125
0 0.6390625 0.22421875 0.040625 0.0546875
0 0.53671875 0.00703125 0.0484375 0.0140625
0 0.5078125 0.4828125 0.096875 0.078125
0 0.484375 0.36875 0.1 0.103125
0 0.4546875 0.86015625 0.040625 0.0328125
0 0.41484375 0.89765625 0.0359375 0.0328125
0 0.35078125 0.2328125 0.0328125 0.034375
0 0.3375 0.865625 0.03125 0.034375
0 0.27421875 0.125 0.0609375 0.05625
0 0.2515625 0.5578125 0.059375 0.05625
0 0.21875 0.29921875 0.04375 0.0265625
0 0.15625 0.62578125 0.034375 0.0484375