0 0.5 0.009375 0.04375 0.01875
0 0.57734375 0.0203125 0.0359375 0.040625
0 0.859375 0.0453125 0.0875 0.059375
0 0.53515625 0.08671875 0.0484375 0.0390625
0 0.8625 0.284375 0.040625 0.05625
0 0.28671875 0.3203125 0.0390625 0.04375
0 0.40859375 0.3453125 0.0328125 0.046875
0 0.36484375 0.43828125 0.0578125 0.0578125
0 0.5046875 0.46953125 0.05625 0.0484375
0 0.43203125 0.4921875 0.0234375 0.040625
0 0.84609375 0.5171875 0.0515625 0.084375
0 0.81484375 0.5609375 0.0453125 0.04375
0 0.2390625 0.62578125 0.0375 0.0421875
0 0.74375 0.628125 0.0375 0.040625
0 0.890625 0.65703125 0.0375 0.0421875
0 0.86953125 0.740625 0.0796875 0.065625
0 0.62109375 0.8375 0.0671875 0.05625
0 0.39609375 0.83828125 0.0484375 0.0453125
0 0.32265625 0.9921875 0.1046875 0.015625