0 0.99296875 0.503125 0.0140625 0.04375
0 0.9828125 0.58203125 0.034375 0.0390625
0 0.959375 0.86484375 0.059375 0.0890625
0 0.91796875 0.53828125 0.0421875 0.0421875
0 0.71796875 0.86796875 0.0484375 0.0484375
0 0.6828125 0.28828125 0.040625 0.0421875
0 0.6578125 0.4109375 0.040625 0.040625
0 0.56484375 0.36796875 0.0578125 0.0578125
0 0.53203125 0.5078125 0.0515625 0.053125
0 0.509375 0.434375 0.040625 0.025
0 0.484375 0.8515625 0.06875 0.06875
0 0.440625 0.8203125 0.04375 0.046875
0 0.37578125 0.240625 0.0390625 0.040625
0 0.37421875 0.7484375 0.0390625 0.040625
0 0.34453125 0.896875 0.0390625 0.040625
0 0.259375 0.875 0.071875 0.075
0 0.16328125 0.62578125 0.0609375 0.0609375
0 0.1609375 0.39921875 0.046875 0.0453125
0 0.01875 0.325 0.0375 0.059375