0 0.49921875 0.01171875 0.0296875 0.0234375
0 0.57734375 0.0203125 0.0359375 0.040625
0 0.859375 0.0453125 0.0875 0.059375
0 0.53515625 0.08671875 0.0421875 0.0421875
0 0.86171875 0.28515625 0.0484375 0.0484375
0 0.28671875 0.3203125 0.0421875 0.040625
0 0.4078125 0.3453125 0.034375 0.046875
0 0.36484375 0.43828125 0.0578125 0.0578125
0 0.5046875 0.46953125 0.053125 0.0515625
0 0.43125 0.49296875 0.03125 0.0328125
0 0.84609375 0.5171875 0.0671875 0.06875
0 0.8140625 0.5609375 0.046875 0.04375
0 0.2390625 0.62578125 0.040625 0.0390625
0 0.74375 0.62734375 0.040625 0.0390625
0 0.890625 0.65703125 0.0375 0.0421875
0 0.86953125 0.740625 0.0796875 0.065625
0 0.62109375 0.83671875 0.0609375 0.0609375
0 0.39609375 0.83828125 0.0484375 0.0453125
0 0.321875 0.98046875 0.059375 0.0390625