0 0.0078125 0.5 0.015625 0.04375
0 0.01796875 0.42265625 0.0359375 0.0390625
0 0.0421875 0.1390625 0.059375 0.0875
0 0.08515625 0.46484375 0.0421875 0.0421875
0 0.28359375 0.13671875 0.0484375 0.0484375
0 0.3203125 0.71484375 0.040625 0.0421875
0 0.3453125 0.59375 0.040625 0.040625
0 0.43828125 0.63671875 0.0578125 0.0578125
0 0.46953125 0.4953125 0.0515625 0.053125
0 0.4921875 0.5703125 0.040625 0.025
0 0.5171875 0.1515625 0.06875 0.06875
0 0.5609375 0.184375 0.04375 0.046875
0 0.62734375 0.7625 0.0390625 0.040625
0 0.62890625 0.2546875 0.0390625 0.040625
0 0.65859375 0.1078125 0.0390625 0.040625
0 0.7421875 0.128125 0.071875 0.075
0 0.83984375 0.37890625 0.0609375 0.0609375
0 0.8421875 0.60546875 0.046875 0.0453125
0 0.98203125 0.6796875 0.0359375 0.059375