0 0.99296875 0.5015625 0.0140625 0.04375
0 0.98203125 0.58046875 0.0359375 0.0359375
0 0.959375 0.86328125 0.059375 0.0890625
0 0.91796875 0.53671875 0.0390625 0.0484375
0 0.71875 0.8671875 0.05625 0.040625
0 0.6828125 0.28671875 0.04375 0.0390625
0 0.6578125 0.41015625 0.046875 0.0328125
0 0.56484375 0.36640625 0.0578125 0.0578125
0 0.53203125 0.50625 0.0484375 0.05625
0 0.509375 0.43359375 0.040625 0.0234375
0 0.484375 0.85078125 0.084375 0.0515625
0 0.440625 0.81953125 0.04375 0.0453125
0 0.37578125 0.2390625 0.0421875 0.0375
0 0.3734375 0.746875 0.040625 0.0375
0 0.34453125 0.8953125 0.0421875 0.0375
0 0.259375 0.8734375 0.065625 0.08125
0 0.1625 0.6234375 0.05625 0.06875
0 0.16171875 0.39765625 0.0453125 0.0484375
0 0.00703125 0.3234375 0.0140625 0.10625