0 0.5 0.009375 0.04375 0.01875
0 0.57890625 0.0203125 0.0359375 0.040625
0 0.8625 0.0453125 0.0875 0.059375
0 0.53515625 0.08828125 0.0484375 0.0390625
0 0.865625 0.2859375 0.040625 0.05625
0 0.28515625 0.3234375 0.0390625 0.04375
0 0.40859375 0.3484375 0.0328125 0.046875
0 0.36484375 0.44140625 0.0578125 0.0578125
0 0.5046875 0.47265625 0.05625 0.0484375
0 0.43203125 0.4953125 0.0234375 0.040625
0 0.84921875 0.5203125 0.0515625 0.084375
0 0.81796875 0.565625 0.0453125 0.04375
0 0.2375 0.63046875 0.0375 0.0421875
0 0.7453125 0.6328125 0.0375 0.040625
0 0.89375 0.66171875 0.0375 0.0421875
0 0.871875 0.7453125 0.08125 0.065625
0 0.621875 0.84375 0.06875 0.05625
0 0.39609375 0.84453125 0.0484375 0.0453125
0 0.321875 0.9953125 0.10625 0.009375