0 0.50078125 0.0109375 0.0296875 0.021875
0 0.58046875 0.01953125 0.0359375 0.0390625
0 0.8640625 0.04375 0.0875 0.059375
0 0.53671875 0.08671875 0.0421875 0.0421875
0 0.86640625 0.28515625 0.0484375 0.0484375
0 0.28671875 0.321875 0.0421875 0.040625
0 0.409375 0.346875 0.034375 0.046875
0 0.36640625 0.43984375 0.0578125 0.0578125
0 0.50625 0.47109375 0.053125 0.0515625
0 0.4328125 0.49453125 0.03125 0.0328125
0 0.85 0.51875 0.06875 0.06875
0 0.81875 0.5640625 0.046875 0.04375
0 0.2390625 0.62890625 0.040625 0.0390625
0 0.746875 0.63046875 0.040625 0.0390625
0 0.8953125 0.66015625 0.0375 0.0421875
0 0.8734375 0.74375 0.08125 0.065625
0 0.62421875 0.84140625 0.0609375 0.0609375
0 0.39765625 0.84296875 0.0484375 0.0453125
0 0.3234375 0.9828125 0.059375 0.034375