0 0.72734375 0.0203125 0.0796875 0.040625
0 0.2453125 0.23828125 0.040625 0.0453125
0 0.221875 0.4390625 0.040625 0.05625
0 0.86640625 0.44921875 0.0640625 0.0453125
0 0.42734375 0.5234375 0.0546875 0.059375
0 0.27734375 0.5359375 0.0578125 0.0375
0 0.34609375 0.5765625 0.0390625 0.05625
0 0.1984375 0.59765625 0.059375 0.0484375
0 0.62109375 0.66171875 0.0609375 0.0703125
0 0.84140625 0.66640625 0.0578125 0.0421875
0 0.74296875 0.7796875 0.0640625 0.046875
0 0.61875 0.78125 0.046875 0.05625
0 0.40546875 0.89453125 0.0765625 0.0765625
0 0.29765625 0.94140625 0.0359375 0.0609375