0 0.9796875 0.72734375 0.040625 0.0796875
0 0.76171875 0.2453125 0.0453125 0.040625
0 0.5609375 0.221875 0.05625 0.040625
0 0.55078125 0.86640625 0.0453125 0.0640625
0 0.4765625 0.42734375 0.059375 0.0546875
0 0.4640625 0.27734375 0.0375 0.0578125
0 0.4234375 0.34609375 0.05625 0.0390625
0 0.40234375 0.1984375 0.0484375 0.059375
0 0.33828125 0.62109375 0.0703125 0.0609375
0 0.33359375 0.84140625 0.0421875 0.0578125
0 0.2203125 0.74296875 0.046875 0.0640625
0 0.21875 0.61875 0.05625 0.046875
0 0.10546875 0.40546875 0.0765625 0.0765625
0 0.05859375 0.29765625 0.0609375 0.0359375