0 0.7296875 0.0234375 0.059375 0.046875
0 0.2453125 0.23671875 0.04375 0.0421875
0 0.221875 0.4390625 0.040625 0.05625
0 0.87109375 0.44921875 0.0546875 0.0546875
0 0.42890625 0.5234375 0.0546875 0.059375
0 0.27734375 0.5359375 0.0484375 0.046875
0 0.34765625 0.578125 0.0484375 0.046875
0 0.19765625 0.59921875 0.0546875 0.0546875
0 0.6234375 0.6625 0.06875 0.065625
0 0.84609375 0.66796875 0.0578125 0.0421875
0 0.746875 0.78125 0.065625 0.046875
0 0.621875 0.7828125 0.046875 0.05625
0 0.40625 0.896875 0.078125 0.078125
0 0.29765625 0.94453125 0.0484375 0.0484375