0 0.73125 0.01796875 0.08125 0.0359375
0 0.2453125 0.23515625 0.04375 0.0421875
0 0.22265625 0.43828125 0.0484375 0.0484375
0 0.87109375 0.44765625 0.0546875 0.0546875
0 0.42890625 0.521875 0.0546875 0.059375
0 0.27734375 0.534375 0.0484375 0.046875
0 0.34765625 0.5765625 0.0484375 0.046875
0 0.19765625 0.59765625 0.0546875 0.0546875
0 0.62421875 0.6609375 0.0609375 0.071875
0 0.84609375 0.66640625 0.0578125 0.0421875
0 0.74609375 0.77890625 0.0546875 0.0546875
0 0.621875 0.78203125 0.053125 0.0515625
0 0.40625 0.8953125 0.078125 0.078125
0 0.29765625 0.94296875 0.0484375 0.0484375