0 0.01953125 0.2703125 0.0390625 0.08125
0 0.23828125 0.7546875 0.0421875 0.04375
0 0.44140625 0.77734375 0.0484375 0.0484375
0 0.45078125 0.13046875 0.0546875 0.0546875
0 0.525 0.57265625 0.059375 0.0546875
0 0.5375 0.72265625 0.046875 0.0484375
0 0.5796875 0.65390625 0.046875 0.0484375
0 0.60078125 0.80234375 0.0546875 0.0546875
0 0.6640625 0.37734375 0.071875 0.0609375
0 0.66953125 0.15546875 0.0421875 0.0578125
0 0.78203125 0.25390625 0.0546875 0.0546875
0 0.78515625 0.3796875 0.0515625 0.053125
0 0.8984375 0.59375 0.078125 0.078125
0 0.94609375 0.70234375 0.0484375 0.0484375