0 0.728125 0.01796875 0.08125 0.0359375
0 0.2421875 0.23515625 0.040625 0.0453125
0 0.21875 0.4375 0.040625 0.05625
0 0.8671875 0.44765625 0.065625 0.0453125
0 0.42578125 0.521875 0.0546875 0.059375
0 0.27421875 0.534375 0.0578125 0.0375
0 0.34453125 0.5765625 0.0390625 0.05625
0 0.1953125 0.59765625 0.059375 0.0484375
0 0.62109375 0.6609375 0.0609375 0.071875
0 0.84296875 0.66640625 0.0578125 0.0421875
0 0.74375 0.7796875 0.065625 0.046875
0 0.61875 0.78125 0.046875 0.05625
0 0.403125 0.8953125 0.078125 0.078125
0 0.29453125 0.94296875 0.0359375 0.0609375