0 0.37421875 0.02421875 0.0546875 0.0484375
0 0.52578125 0.0234375 0.0609375 0.034375
0 0.56875 0.0734375 0.05625 0.046875
0 0.959375 0.11875 0.071875 0.11875
0 0.5921875 0.1359375 0.053125 0.053125
0 0.94765625 0.3796875 0.0515625 0.05
0 0.15625 0.46875 0.04375 0.04375
0 0.93359375 0.51875 0.0515625 0.05
0 0.5484375 0.59921875 0.084375 0.0515625
0 0.3 0.6109375 0.065625 0.065625
0 0.90546875 0.66328125 0.0546875 0.0546875
0 0.7359375 0.709375 0.065625 0.065625
0 0.32890625 0.85234375 0.0453125 0.0453125
0 0.6015625 0.88125 0.059375 0.059375