0 0.97890625 0.375 0.0421875 0.06875
0 0.9765625 0.525 0.046875 0.046875
0 0.92734375 0.56875 0.0515625 0.053125
0 0.88125 0.959375 0.11875 0.071875
0 0.8640625 0.5921875 0.053125 0.053125
0 0.6203125 0.94765625 0.05 0.0515625
0 0.53125 0.15625 0.04375 0.04375
0 0.48125 0.93359375 0.0625 0.0390625
0 0.40078125 0.54921875 0.0671875 0.0671875
0 0.3890625 0.3 0.065625 0.065625
0 0.33671875 0.90546875 0.0546875 0.0578125
0 0.290625 0.7359375 0.065625 0.065625
0 0.14765625 0.32890625 0.0453125 0.0453125
0 0.11875 0.6015625 0.059375 0.0625