0 0.9796875 0.3765625 0.040625 0.06875
0 0.978125 0.52734375 0.034375 0.0609375
0 0.928125 0.571875 0.046875 0.05625
0 0.88203125 0.96328125 0.1171875 0.0734375
0 0.865625 0.59453125 0.0375 0.0703125
0 0.6203125 0.95234375 0.053125 0.0484375
0 0.5296875 0.15625 0.04375 0.04375
0 0.4796875 0.93828125 0.0625 0.0390625
0 0.39921875 0.5515625 0.0515625 0.084375
0 0.3875 0.3 0.0625 0.06875
0 0.33515625 0.91015625 0.0546875 0.0578125
0 0.2875 0.740625 0.065625 0.065625
0 0.1453125 0.3296875 0.040625 0.05
0 0.115625 0.6046875 0.059375 0.0625