0 0.02109375 0.625 0.0421875 0.06875
0 0.0234375 0.475 0.046875 0.046875
0 0.07265625 0.43125 0.0515625 0.053125
0 0.11875 0.040625 0.11875 0.071875
0 0.1359375 0.4078125 0.053125 0.053125
0 0.3796875 0.05234375 0.05 0.0515625
0 0.46875 0.84375 0.04375 0.04375
0 0.51875 0.06640625 0.0625 0.0390625
0 0.59921875 0.45078125 0.0671875 0.0671875
0 0.6109375 0.7 0.065625 0.065625
0 0.66328125 0.09453125 0.0546875 0.0578125
0 0.709375 0.2640625 0.065625 0.065625
0 0.85234375 0.67109375 0.0453125 0.0453125
0 0.88125 0.3984375 0.059375 0.0625