0 0.97734375 0.3984375 0.0421875 0.040625
0 0.9390625 0.5515625 0.053125 0.046875
0 0.8640625 0.865625 0.071875 0.071875
0 0.68046875 0.72734375 0.0390625 0.0390625
0 0.653125 0.3578125 0.053125 0.05625
0 0.60390625 0.37265625 0.0421875 0.0421875
0 0.51875 0.4046875 0.03125 0.028125
0 0.490625 0.4859375 0.04375 0.04375
0 0.3734375 0.0609375 0.065625 0.065625
0 0.365625 0.4609375 0.040625 0.065625
0 0.175 0.93125 0.065625 0.06875
0 0.084375 0.8765625 0.053125 0.053125
0 0.03046875 0.3390625 0.0609375 0.06875