0 0.02421875 0.6046875 0.0421875 0.040625
0 0.0640625 0.45 0.053125 0.046875
0 0.1390625 0.1359375 0.071875 0.071875
0 0.32265625 0.27421875 0.0390625 0.0390625
0 0.35 0.6453125 0.053125 0.05625
0 0.39921875 0.63046875 0.0421875 0.0421875
0 0.4828125 0.5984375 0.03125 0.028125
0 0.5109375 0.515625 0.04375 0.04375
0 0.628125 0.9421875 0.065625 0.065625
0 0.6375 0.540625 0.040625 0.065625
0 0.828125 0.0703125 0.065625 0.06875
0 0.91875 0.1265625 0.053125 0.053125
0 0.9703125 0.6625 0.059375 0.06875