0 0.48828125 0.02265625 0.0390625 0.0390625
0 0.66171875 0.16796875 0.0609375 0.0609375
0 0.37109375 0.221875 0.0609375 0.0625
0 0.8046875 0.4171875 0.109375 0.109375
0 0.37109375 0.4671875 0.0390625 0.0375
0 0.45390625 0.4671875 0.0421875 0.04375
0 0.13125 0.50859375 0.04375 0.0421875
0 0.703125 0.5390625 0.025 0.0375
0 0.74375 0.559375 0.0375 0.0375
0 0.3609375 0.678125 0.03125 0.046875
0 0.65859375 0.684375 0.0390625 0.040625
0 0.8765625 0.896875 0.0625 0.0625
0 0.93359375 0.978125 0.0421875 0.04375
0 0.903125 0.98828125 0.028125 0.0234375