0 0.97734375 0.4875 0.0359375 0.040625
0 0.83359375 0.66015625 0.0578125 0.0609375
0 0.778125 0.36953125 0.06875 0.0578125
0 0.5828125 0.803125 0.125 0.09375
0 0.5328125 0.36953125 0.0375 0.0390625
0 0.5328125 0.45234375 0.04375 0.0421875
0 0.490625 0.13046875 0.040625 0.0453125
0 0.4609375 0.7015625 0.0375 0.025
0 0.440625 0.7421875 0.034375 0.040625
0 0.3234375 0.359375 0.046875 0.03125
0 0.3171875 0.6578125 0.0375 0.040625
0 0.1046875 0.875 0.06875 0.05625
0 0.021875 0.93203125 0.04375 0.0421875
0 0.01171875 0.9015625 0.0234375 0.028125