0 0.48671875 0.02265625 0.0390625 0.0390625
0 0.65859375 0.16640625 0.0609375 0.0578125
0 0.36953125 0.2203125 0.0609375 0.0625
0 0.8 0.41484375 0.09375 0.1234375
0 0.36953125 0.4640625 0.0390625 0.0375
0 0.45234375 0.4640625 0.0421875 0.04375
0 0.13125 0.50546875 0.04375 0.0421875
0 0.7 0.5359375 0.025 0.0375
0 0.740625 0.55625 0.0375 0.0375
0 0.359375 0.67265625 0.0375 0.0390625
0 0.65546875 0.6796875 0.0390625 0.040625
0 0.871875 0.890625 0.05625 0.06875
0 0.92890625 0.97265625 0.0421875 0.0453125
0 0.8984375 0.98515625 0.028125 0.0296875