0 0.02265625 0.51328125 0.0390625 0.0390625
0 0.16640625 0.34140625 0.0578125 0.0609375
0 0.2203125 0.63046875 0.0625 0.0609375
0 0.41484375 0.2 0.1234375 0.09375
0 0.4640625 0.63046875 0.0375 0.0390625
0 0.4640625 0.54765625 0.04375 0.0421875
0 0.50546875 0.86875 0.0421875 0.04375
0 0.5359375 0.3 0.0375 0.025
0 0.55625 0.259375 0.0375 0.0375
0 0.67265625 0.640625 0.0390625 0.0375
0 0.6796875 0.34453125 0.040625 0.0390625
0 0.890625 0.128125 0.06875 0.05625
0 0.97265625 0.07109375 0.0453125 0.0421875
0 0.98515625 0.1015625 0.0296875 0.028125