0 0.02265625 0.5125 0.0359375 0.040625
0 0.16640625 0.34140625 0.0578125 0.0609375
0 0.22109375 0.63046875 0.0671875 0.0578125
0 0.41484375 0.19921875 0.1234375 0.0921875
0 0.4640625 0.63046875 0.0375 0.0390625
0 0.4640625 0.54765625 0.04375 0.0421875
0 0.50625 0.86796875 0.040625 0.0453125
0 0.5359375 0.3 0.0375 0.025
0 0.55625 0.259375 0.034375 0.040625
0 0.6734375 0.640625 0.046875 0.03125
0 0.6796875 0.34375 0.0375 0.040625
0 0.890625 0.128125 0.06875 0.05625
0 0.97265625 0.07109375 0.0453125 0.0421875
0 0.98515625 0.1015625 0.0296875 0.028125