0 0.0125 0.43515625 0.025 0.0640625
0 0.02890625 0.1875 0.0515625 0.04375
0 0.1 0.48828125 0.046875 0.0578125
0 0.1171875 0.35078125 0.053125 0.0578125
0 0.12578125 0.01328125 0.0453125 0.0265625
0 0.13671875 0.11171875 0.0484375 0.0609375
0 0.2046875 0.01171875 0.05 0.0234375
0 0.24765625 0.36015625 0.0765625 0.0609375
0 0.3796875 0.4078125 0.059375 0.0375
0 0.38671875 0.74296875 0.0484375 0.0640625
0 0.41953125 0.99140625 0.0515625 0.0171875
0 0.49296875 0.5015625 0.0609375 0.078125
0 0.56484375 0.3625 0.0421875 0.0375
0 0.5953125 0.73984375 0.05625 0.0734375
0 0.5953125 0.27265625 0.05625 0.0578125
0 0.6640625 0.14453125 0.04375 0.0390625
0 0.7359375 0.471875 0.078125 0.06875
0 0.759375 0.084375 0.05 0.040625
0 0.9109375 0.3484375 0.096875 0.096875
0 0.91640625 0.08984375 0.0609375 0.0390625
0 0.98515625 0.09375 0.0296875 0.040625