0 0.0125 0.43515625 0.025 0.0640625
0 0.028125 0.1875 0.05 0.04375
0 0.1 0.48828125 0.053125 0.0515625
0 0.1171875 0.35078125 0.05625 0.0546875
0 0.12578125 0.01328125 0.0453125 0.0265625
0 0.13671875 0.11171875 0.0546875 0.0546875
0 0.20390625 0.015625 0.0359375 0.03125
0 0.246875 0.36015625 0.06875 0.0671875
0 0.3796875 0.4078125 0.046875 0.05
0 0.38671875 0.74296875 0.0484375 0.0640625
0 0.41875 0.9875 0.034375 0.025
0 0.49296875 0.5015625 0.0703125 0.06875
0 0.56484375 0.3625 0.0390625 0.040625
0 0.5953125 0.740625 0.05625 0.075
0 0.5953125 0.27265625 0.05625 0.0578125
0 0.6640625 0.14453125 0.040625 0.0421875
0 0.7359375 0.47265625 0.075 0.0734375
0 0.759375 0.08359375 0.04375 0.0453125
0 0.9109375 0.3484375 0.096875 0.096875
0 0.915625 0.08984375 0.0625 0.0390625
0 0.98515625 0.09375 0.0296875 0.040625