0 0.9875 0.56484375 0.025 0.0640625
0 0.971875 0.8125 0.05 0.04375
0 0.9 0.51171875 0.053125 0.0515625
0 0.8828125 0.64921875 0.05625 0.0546875
0 0.87421875 0.98671875 0.0453125 0.0265625
0 0.86328125 0.88828125 0.0546875 0.0546875
0 0.79609375 0.984375 0.0359375 0.03125
0 0.753125 0.63984375 0.06875 0.0671875
0 0.6203125 0.5921875 0.046875 0.05
0 0.61328125 0.25703125 0.0484375 0.0640625
0 0.58125 0.0125 0.034375 0.025
0 0.50703125 0.4984375 0.0703125 0.06875
0 0.43515625 0.6375 0.0390625 0.040625
0 0.4046875 0.259375 0.05625 0.075
0 0.4046875 0.72734375 0.05625 0.0578125
0 0.3359375 0.85546875 0.040625 0.0421875
0 0.2640625 0.52734375 0.075 0.0734375
0 0.240625 0.91640625 0.04375 0.0453125
0 0.0890625 0.6515625 0.096875 0.096875
0 0.084375 0.91015625 0.0625 0.0390625
0 0.01484375 0.90625 0.0296875 0.040625