0 0.56484375 0.0125 0.0640625 0.025
0 0.8125 0.02890625 0.04375 0.0515625
0 0.51171875 0.1 0.0578125 0.046875
0 0.64921875 0.1171875 0.0578125 0.053125
0 0.98671875 0.12578125 0.0265625 0.0453125
0 0.88828125 0.13671875 0.0609375 0.0484375
0 0.98828125 0.2046875 0.0234375 0.05
0 0.63984375 0.24765625 0.0609375 0.0765625
0 0.5921875 0.3796875 0.0375 0.059375
0 0.25703125 0.38671875 0.0640625 0.0484375
0 0.00859375 0.41953125 0.0171875 0.0515625
0 0.4984375 0.49296875 0.078125 0.0609375
0 0.6375 0.56484375 0.0375 0.0421875
0 0.26015625 0.5953125 0.0734375 0.05625
0 0.72734375 0.5953125 0.0578125 0.05625
0 0.85546875 0.6640625 0.0390625 0.04375
0 0.528125 0.7359375 0.06875 0.078125
0 0.915625 0.759375 0.040625 0.05
0 0.6515625 0.9109375 0.096875 0.096875
0 0.91015625 0.91640625 0.0390625 0.0609375
0 0.90625 0.98515625 0.040625 0.0296875