0 0.9875 0.565625 0.025 0.065625
0 0.97109375 0.815625 0.0515625 0.04375
0 0.9 0.51171875 0.046875 0.0578125
0 0.8828125 0.65078125 0.053125 0.0578125
0 0.87421875 0.98828125 0.0453125 0.0234375
0 0.86328125 0.89140625 0.0484375 0.0609375
0 0.79375 0.98984375 0.05 0.0203125
0 0.7515625 0.64140625 0.078125 0.0609375
0 0.61875 0.59375 0.059375 0.0375
0 0.61171875 0.25625 0.0484375 0.065625
0 0.57890625 0.00703125 0.0515625 0.0140625
0 0.50390625 0.4984375 0.0609375 0.078125
0 0.43203125 0.6390625 0.0421875 0.0375
0 0.4015625 0.259375 0.05625 0.075
0 0.4015625 0.72890625 0.05625 0.0578125
0 0.3328125 0.85859375 0.04375 0.0390625
0 0.259375 0.528125 0.078125 0.06875
0 0.2359375 0.91875 0.05 0.040625
0 0.084375 0.653125 0.096875 0.096875
0 0.07890625 0.91328125 0.0609375 0.0390625
0 0.01171875 0.909375 0.0234375 0.040625