0 0.56484375 0.0125 0.0640625 0.025
0 0.8125 0.028125 0.04375 0.05
0 0.51171875 0.1 0.0515625 0.053125
0 0.64921875 0.1171875 0.0546875 0.05625
0 0.98671875 0.12578125 0.0265625 0.0453125
0 0.88828125 0.13671875 0.0546875 0.0546875
0 0.984375 0.20390625 0.03125 0.0359375
0 0.63984375 0.246875 0.0671875 0.06875
0 0.5921875 0.3796875 0.05 0.046875
0 0.25703125 0.38671875 0.0640625 0.0484375
0 0.0125 0.41875 0.025 0.034375
0 0.4984375 0.49296875 0.06875 0.0703125
0 0.6375 0.56484375 0.040625 0.0390625
0 0.259375 0.5953125 0.075 0.05625
0 0.72734375 0.5953125 0.0578125 0.05625
0 0.85546875 0.6640625 0.0421875 0.040625
0 0.52734375 0.7359375 0.0734375 0.075
0 0.91640625 0.759375 0.0453125 0.04375
0 0.6515625 0.9109375 0.096875 0.096875
0 0.91015625 0.915625 0.0390625 0.0625
0 0.90625 0.98515625 0.040625 0.0296875