0 0.9875 0.5671875 0.025 0.065625
0 0.971875 0.8171875 0.046875 0.046875
0 0.9 0.51328125 0.053125 0.0515625
0 0.8828125 0.65234375 0.05625 0.0546875
0 0.87421875 0.98671875 0.0359375 0.0265625
0 0.86328125 0.89296875 0.0484375 0.0609375
0 0.79453125 0.98671875 0.0359375 0.0265625
0 0.7515625 0.6421875 0.06875 0.06875
0 0.61875 0.5953125 0.046875 0.05
0 0.61171875 0.2578125 0.0578125 0.05625
0 0.5796875 0.0078125 0.05 0.015625
0 0.5046875 0.5 0.071875 0.06875
0 0.43203125 0.640625 0.0421875 0.0375
0 0.4015625 0.259375 0.065625 0.065625
0 0.40234375 0.73046875 0.0578125 0.0578125
0 0.3328125 0.86015625 0.040625 0.0421875
0 0.259375 0.5296875 0.078125 0.06875
0 0.2359375 0.92109375 0.04375 0.0453125
0 0.084375 0.6546875 0.096875 0.096875
0 0.0796875 0.91484375 0.0625 0.0390625
0 0.01171875 0.9109375 0.0234375 0.040625