0 0.01328125 0.3265625 0.0265625 0.040625
0 0.025 0.41484375 0.05 0.0453125
0 0.028125 0.82265625 0.0375 0.0421875
0 0.03515625 0.47421875 0.0703125 0.0515625
0 0.1359375 0.76484375 0.034375 0.0328125
0 0.19609375 0.96796875 0.0453125 0.0546875
0 0.2390625 0.82265625 0.040625 0.0484375
0 0.3921875 0.45546875 0.05625 0.0453125
0 0.42578125 0.6171875 0.0703125 0.06875
0 0.4609375 0.9546875 0.121875 0.090625
0 0.60078125 0.2109375 0.0640625 0.05
0 0.64921875 0.75703125 0.0546875 0.0453125
0 0.8421875 0.31640625 0.05625 0.0546875
0 0.85625 0.41015625 0.040625 0.0765625