0 0.6734375 0.01328125 0.040625 0.0265625
0 0.58515625 0.025 0.0453125 0.05
0 0.17734375 0.028125 0.0421875 0.0375
0 0.52578125 0.03515625 0.0515625 0.0703125
0 0.23515625 0.1359375 0.0328125 0.034375
0 0.03203125 0.19609375 0.0546875 0.0453125
0 0.17734375 0.2390625 0.0484375 0.040625
0 0.54453125 0.3921875 0.0453125 0.05625
0 0.3828125 0.42578125 0.06875 0.0703125
0 0.0453125 0.4609375 0.090625 0.121875
0 0.7890625 0.60078125 0.05 0.0640625
0 0.24296875 0.64921875 0.0453125 0.0546875
0 0.68359375 0.8421875 0.0546875 0.05625
0 0.58984375 0.85625 0.0765625 0.040625