0 0.67421875 0.01484375 0.0328125 0.0296875
0 0.5859375 0.025 0.046875 0.046875
0 0.17578125 0.028125 0.0390625 0.040625
0 0.52578125 0.03515625 0.0609375 0.0609375
0 0.2328125 0.1375 0.034375 0.03125
0 0.02890625 0.196875 0.0546875 0.046875
0 0.17578125 0.23984375 0.0453125 0.0453125
0 0.54375 0.3953125 0.05 0.05
0 0.3828125 0.428125 0.06875 0.071875
0 0.046875 0.4625 0.09375 0.10625
0 0.790625 0.6046875 0.05 0.065625
0 0.2421875 0.65390625 0.05 0.0484375
0 0.68515625 0.84765625 0.0546875 0.0546875
0 0.59140625 0.8625 0.0578125 0.059375