0 0.9875 0.678125 0.025 0.040625
0 0.97578125 0.58984375 0.0484375 0.0453125
0 0.9734375 0.17890625 0.0375 0.0421875
0 0.965625 0.52890625 0.06875 0.0515625
0 0.865625 0.23671875 0.034375 0.0328125
0 0.80390625 0.03203125 0.0453125 0.0546875
0 0.7609375 0.17890625 0.040625 0.0484375
0 0.6078125 0.54765625 0.05625 0.0453125
0 0.5734375 0.3859375 0.071875 0.06875
0 0.53828125 0.0453125 0.1234375 0.090625
0 0.396875 0.79375 0.065625 0.05
0 0.34921875 0.24453125 0.0546875 0.0453125
0 0.1546875 0.68828125 0.05625 0.0546875
0 0.140625 0.59375 0.040625 0.078125