0 0.67265625 0.01484375 0.0328125 0.0296875
0 0.584375 0.025 0.046875 0.046875
0 0.17734375 0.028125 0.0390625 0.040625
0 0.52578125 0.03515625 0.0609375 0.0609375
0 0.234375 0.1359375 0.034375 0.03125
0 0.03203125 0.1953125 0.0546875 0.046875
0 0.17734375 0.23828125 0.0453125 0.0453125
0 0.54375 0.3921875 0.05 0.05
0 0.3828125 0.42578125 0.06875 0.0703125
0 0.0484375 0.46015625 0.096875 0.1046875
0 0.7890625 0.60078125 0.05 0.0640625
0 0.24375 0.64921875 0.05 0.0484375
0 0.68359375 0.84140625 0.0546875 0.0546875
0 0.58984375 0.85625 0.0578125 0.059375