0 0.75703125 0.059375 0.0265625 0.025
0 0.52734375 0.0796875 0.0453125 0.04375
0 0.48984375 0.1484375 0.0546875 0.053125
0 0.771875 0.16953125 0.040625 0.0296875
0 0.28203125 0.21484375 0.0546875 0.0546875
0 0.45 0.40703125 0.05 0.0484375
0 0.11953125 0.46484375 0.0328125 0.0328125
0 0.671875 0.5234375 0.05 0.05
0 0.9078125 0.54140625 0.06875 0.0703125
0 0.559375 0.59296875 0.071875 0.0703125
0 0.290625 0.60078125 0.028125 0.0296875
0 0.81171875 0.6875 0.0328125 0.034375
0 0.8828125 0.7109375 0.03125 0.040625
0 0.33203125 0.77890625 0.0296875 0.0296875
0 0.29609375 0.815625 0.0234375 0.021875
0 0.95234375 0.8453125 0.0484375 0.05
0 0.3609375 0.86875 0.021875 0.021875