0 0.940625 0.75703125 0.034375 0.0171875
0 0.9203125 0.52578125 0.04375 0.0453125
0 0.8515625 0.4875 0.059375 0.05
0 0.83046875 0.771875 0.0296875 0.040625
0 0.78359375 0.27890625 0.0609375 0.0484375
0 0.59140625 0.4484375 0.0484375 0.05
0 0.53125 0.11640625 0.03125 0.0359375
0 0.4734375 0.67265625 0.05625 0.0453125
0 0.45546875 0.909375 0.0578125 0.08125
0 0.4046875 0.5578125 0.05625 0.084375
0 0.39609375 0.2875 0.0328125 0.025
0 0.3078125 0.81171875 0.03125 0.0359375
0 0.284375 0.884375 0.040625 0.03125
0 0.215625 0.33046875 0.025 0.0328125
0 0.1796875 0.29375 0.028125 0.01875
0 0.15 0.95390625 0.05 0.0484375
0 0.1265625 0.359375 0.025 0.01875