0 0.44921875 0.00078125 0.0171875 0.0015625
0 0.4875 0.0125 0.03125 0.025
0 0.54140625 0.0140625 0.0328125 0.028125
0 0.49609375 0.0796875 0.0328125 0.040625
0 0.6609375 0.1234375 0.0375 0.03125
0 0.75234375 0.3171875 0.0453125 0.059375
0 0.54921875 0.36015625 0.0453125 0.0484375
0 0.54921875 0.4703125 0.0453125 0.059375
0 0.02265625 0.47734375 0.0296875 0.0453125
0 0.88515625 0.490625 0.0421875 0.040625
0 0.11171875 0.61875 0.0296875 0.034375
0 0.7015625 0.7328125 0.0625 0.08125
0 0.55625 0.7453125 0.059375 0.0375
0 0.365625 0.7671875 0.05625 0.065625
0 0.1078125 0.771875 0.06875 0.046875
0 0.13125 0.9140625 0.05 0.03125
0 0.1828125 0.940625 0.025 0.015625
0 0.06640625 0.94296875 0.0234375 0.0359375
0 0.496875 0.94765625 0.05 0.0609375
0 0.3171875 0.99140625 0.059375 0.0171875
0 0.7 0.996875 0.040625 0.00625