0 0.4453125 0.00390625 0.0125 0.0078125
0 0.484375 0.0171875 0.03125 0.025
0 0.53828125 0.01875 0.0328125 0.028125
0 0.49296875 0.0828125 0.0359375 0.0375
0 0.65625 0.1265625 0.034375 0.034375
0 0.74765625 0.31875 0.0515625 0.053125
0 0.546875 0.36171875 0.046875 0.0484375
0 0.54609375 0.471875 0.0515625 0.053125
0 0.02265625 0.47890625 0.0296875 0.0453125
0 0.87890625 0.4921875 0.0421875 0.040625
0 0.11015625 0.61875 0.0296875 0.034375
0 0.696875 0.7328125 0.071875 0.071875
0 0.553125 0.7453125 0.059375 0.0375
0 0.3625 0.76640625 0.059375 0.0609375
0 0.10546875 0.77265625 0.0578125 0.0578125
0 0.1296875 0.9125 0.05 0.03125
0 0.18125 0.93828125 0.021875 0.0203125
0 0.06484375 0.94140625 0.0296875 0.0296875
0 0.49453125 0.9453125 0.0546875 0.05625
0 0.3140625 0.990625 0.059375 0.01875
0 0.69453125 0.99140625 0.0234375 0.0171875