0 0.00390625 0.5546875 0.0078125 0.0125
0 0.0171875 0.515625 0.025 0.03125
0 0.01875 0.46171875 0.028125 0.0328125
0 0.0828125 0.50703125 0.0375 0.0359375
0 0.1265625 0.34375 0.034375 0.034375
0 0.31875 0.25234375 0.053125 0.0515625
0 0.36171875 0.453125 0.0484375 0.046875
0 0.471875 0.45390625 0.053125 0.0515625
0 0.47890625 0.97734375 0.0453125 0.0296875
0 0.4921875 0.12109375 0.040625 0.0421875
0 0.61875 0.88984375 0.034375 0.0296875
0 0.7328125 0.303125 0.071875 0.071875
0 0.7453125 0.446875 0.0375 0.059375
0 0.76640625 0.6375 0.0609375 0.059375
0 0.77265625 0.89453125 0.0578125 0.0578125
0 0.9125 0.8703125 0.03125 0.05
0 0.93828125 0.81875 0.0203125 0.021875
0 0.94140625 0.93515625 0.0296875 0.0296875
0 0.9453125 0.50546875 0.05625 0.0546875
0 0.990625 0.6859375 0.01875 0.059375
0 0.99140625 0.30546875 0.0171875 0.0234375