0 0.446875 0.00234375 0.0125 0.0046875
0 0.4859375 0.0140625 0.03125 0.025
0 0.53984375 0.015625 0.0328125 0.028125
0 0.49453125 0.08125 0.0359375 0.0375
0 0.659375 0.125 0.034375 0.034375
0 0.75078125 0.31875 0.0515625 0.053125
0 0.5484375 0.36171875 0.046875 0.0484375
0 0.54765625 0.471875 0.0515625 0.053125
0 0.02109375 0.47890625 0.0296875 0.0453125
0 0.88359375 0.4921875 0.0421875 0.040625
0 0.11015625 0.6203125 0.0296875 0.034375
0 0.7 0.734375 0.071875 0.071875
0 0.5546875 0.746875 0.059375 0.0375
0 0.3640625 0.76796875 0.059375 0.0609375
0 0.10546875 0.77421875 0.0578125 0.0578125
0 0.1296875 0.915625 0.05 0.03125
0 0.18125 0.94140625 0.021875 0.0203125
0 0.06484375 0.94453125 0.0296875 0.0296875
0 0.49609375 0.9484375 0.0546875 0.05625
0 0.315625 0.9921875 0.059375 0.015625
0 0.69765625 0.99296875 0.0234375 0.0140625