0 0.99765625 0.446875 0.0046875 0.0125
0 0.9859375 0.4859375 0.028125 0.028125
0 0.984375 0.53984375 0.03125 0.0296875
0 0.9203125 0.49453125 0.040625 0.0328125
0 0.8765625 0.659375 0.034375 0.034375
0 0.6828125 0.75078125 0.053125 0.0515625
0 0.63984375 0.5484375 0.0484375 0.046875
0 0.528125 0.54765625 0.059375 0.0453125
0 0.5203125 0.02109375 0.0375 0.0390625
0 0.5078125 0.88359375 0.040625 0.0421875
0 0.38125 0.11015625 0.03125 0.0328125
0 0.265625 0.7 0.071875 0.071875
0 0.253125 0.5546875 0.0375 0.059375
0 0.2328125 0.3640625 0.065625 0.05625
0 0.2265625 0.10625 0.046875 0.06875
0 0.0859375 0.1296875 0.040625 0.040625
0 0.05859375 0.18125 0.0203125 0.021875
0 0.05546875 0.06484375 0.0296875 0.0296875
0 0.0515625 0.49609375 0.05625 0.0546875
0 0.01328125 0.31484375 0.0265625 0.0390625
0 0.00234375 0.6984375 0.0046875 0.040625