0 0.003125 0.55390625 0.00625 0.0171875
0 0.0171875 0.515625 0.025 0.03125
0 0.01875 0.46171875 0.028125 0.0328125
0 0.0828125 0.50703125 0.040625 0.0328125
0 0.1265625 0.34375 0.03125 0.0375
0 0.31875 0.25234375 0.059375 0.0453125
0 0.36171875 0.45390625 0.0484375 0.0453125
0 0.471875 0.45390625 0.059375 0.0453125
0 0.47890625 0.97734375 0.0453125 0.0296875
0 0.4921875 0.12109375 0.040625 0.0421875
0 0.61875 0.88984375 0.034375 0.0296875
0 0.7328125 0.303125 0.08125 0.0625
0 0.7453125 0.446875 0.0375 0.059375
0 0.76640625 0.6375 0.0640625 0.05625
0 0.771875 0.89375 0.046875 0.06875
0 0.9125 0.8703125 0.03125 0.05
0 0.9390625 0.81875 0.015625 0.025
0 0.94140625 0.93515625 0.0359375 0.0234375
0 0.94609375 0.50625 0.0609375 0.05
0 0.990625 0.6859375 0.01875 0.059375
0 0.99609375 0.3046875 0.0078125 0.040625