0 0.58046875 0.009375 0.0390625 0.01875
0 0.3578125 0.1390625 0.0375 0.03125
0 0.9734375 0.1875 0.053125 0.046875
0 0.38984375 0.209375 0.0359375 0.03125
0 0.91796875 0.29921875 0.0234375 0.0359375
0 0.759375 0.303125 0.03125 0.021875
0 0.1015625 0.3234375 0.028125 0.040625
0 0.64296875 0.40703125 0.0140625 0.0234375
0 0.66015625 0.453125 0.0203125 0.028125
0 0.81484375 0.48984375 0.0546875 0.0578125
0 0.1140625 0.53125 0.028125 0.0375
0 0.94453125 0.54921875 0.0453125 0.0453125
0 0.69453125 0.55625 0.0609375 0.05625
0 0.30546875 0.5640625 0.0390625 0.046875
0 0.5921875 0.6546875 0.06875 0.03125
0 0.96171875 0.7140625 0.0421875 0.046875
0 0.23671875 0.7203125 0.0453125 0.034375
0 0.10390625 0.740625 0.0328125 0.0375
0 0.20234375 0.7671875 0.0546875 0.040625