0 0.99140625 0.58203125 0.0171875 0.0390625
0 0.8625 0.3578125 0.034375 0.034375
0 0.8140625 0.975 0.046875 0.05
0 0.790625 0.38984375 0.034375 0.0328125
0 0.70078125 0.92109375 0.0296875 0.0296875
0 0.696875 0.7609375 0.028125 0.025
0 0.6765625 0.1 0.034375 0.034375
0 0.59296875 0.64375 0.0203125 0.01875
0 0.5453125 0.66171875 0.028125 0.0203125
0 0.50859375 0.8171875 0.0546875 0.05625
0 0.4671875 0.11328125 0.034375 0.0328125
0 0.44921875 0.94765625 0.0453125 0.0453125
0 0.4421875 0.69609375 0.059375 0.0578125
0 0.43515625 0.30390625 0.0421875 0.0421875
0 0.34375 0.59375 0.05 0.05
0 0.28359375 0.96484375 0.0453125 0.0453125
0 0.2765625 0.234375 0.040625 0.040625
0 0.25625 0.10234375 0.0375 0.0328125
0 0.23046875 0.20078125 0.0484375 0.0484375