0 0.98828125 0.5796875 0.0234375 0.028125
0 0.8609375 0.3578125 0.034375 0.034375
0 0.8125 0.9734375 0.046875 0.053125
0 0.790625 0.38984375 0.034375 0.0328125
0 0.70078125 0.91796875 0.0296875 0.0296875
0 0.696875 0.759375 0.028125 0.025
0 0.6765625 0.1015625 0.040625 0.028125
0 0.59296875 0.6421875 0.0234375 0.015625
0 0.546875 0.66015625 0.025 0.0234375
0 0.51015625 0.8140625 0.0546875 0.05625
0 0.46875 0.11484375 0.034375 0.0328125
0 0.45078125 0.94453125 0.0453125 0.0453125
0 0.44375 0.69453125 0.059375 0.0578125
0 0.43671875 0.30546875 0.0421875 0.0421875
0 0.3453125 0.5921875 0.05 0.05
0 0.28671875 0.96171875 0.0453125 0.0453125
0 0.2796875 0.2359375 0.040625 0.040625
0 0.259375 0.10390625 0.0375 0.0328125
0 0.23359375 0.20234375 0.0484375 0.0484375