0 0.990625 0.58515625 0.01875 0.0390625
0 0.8609375 0.3609375 0.03125 0.0375
0 0.8109375 0.9765625 0.046875 0.046875
0 0.7890625 0.39296875 0.03125 0.0359375
0 0.69921875 0.92421875 0.0359375 0.0234375
0 0.6953125 0.7640625 0.021875 0.03125
0 0.675 0.103125 0.040625 0.028125
0 0.59140625 0.64765625 0.0234375 0.0140625
0 0.54375 0.66484375 0.028125 0.0203125
0 0.50703125 0.82109375 0.0578125 0.0546875
0 0.465625 0.115625 0.0375 0.028125
0 0.44765625 0.95078125 0.0453125 0.0453125
0 0.440625 0.69921875 0.05625 0.0609375
0 0.4328125 0.30703125 0.046875 0.0390625
0 0.3421875 0.596875 0.03125 0.06875
0 0.28125 0.96796875 0.046875 0.0421875
0 0.275 0.23828125 0.034375 0.0453125
0 0.2546875 0.10546875 0.0375 0.0328125
0 0.228125 0.20390625 0.040625 0.0546875