0 0.01171875 0.4171875 0.0234375 0.028125
0 0.140625 0.640625 0.034375 0.034375
0 0.1890625 0.0234375 0.046875 0.046875
0 0.2109375 0.60859375 0.034375 0.0328125
0 0.30078125 0.07734375 0.0296875 0.0296875
0 0.3046875 0.2359375 0.028125 0.025
0 0.3265625 0.8984375 0.040625 0.028125
0 0.41015625 0.3546875 0.0234375 0.015625
0 0.45625 0.33671875 0.025 0.0234375
0 0.49296875 0.18125 0.0546875 0.05625
0 0.534375 0.88515625 0.034375 0.0328125
0 0.55234375 0.04921875 0.0453125 0.0453125
0 0.559375 0.30078125 0.059375 0.0578125
0 0.56796875 0.69296875 0.0421875 0.0421875
0 0.659375 0.4046875 0.05 0.05
0 0.71796875 0.03203125 0.0453125 0.0453125
0 0.725 0.7625 0.040625 0.040625
0 0.7453125 0.89609375 0.0375 0.0328125
0 0.77109375 0.79609375 0.0484375 0.0484375