0 0.0078125 0.434375 0.015625 0.028125
0 0.02578125 0.64375 0.0515625 0.059375
0 0.165625 0.03671875 0.040625 0.0515625
0 0.203125 0.290625 0.03125 0.03125
0 0.23515625 0.32890625 0.0296875 0.0296875
0 0.24765625 0.95859375 0.0546875 0.0546875
0 0.3203125 0.39296875 0.04375 0.0390625
0 0.3546875 0.83671875 0.059375 0.0390625
0 0.3734375 0.3234375 0.034375 0.034375
0 0.4046875 0.36796875 0.03125 0.0265625
0 0.4421875 0.14375 0.065625 0.053125
0 0.4546875 0.20390625 0.034375 0.0390625
0 0.61484375 0.15390625 0.0515625 0.0515625
0 0.6171875 0.853125 0.05 0.046875
0 0.6984375 0.45859375 0.05 0.0328125