0 0.00859375 0.43515625 0.0171875 0.0234375
0 0.02421875 0.6421875 0.0484375 0.06875
0 0.16484375 0.03671875 0.0453125 0.0453125
0 0.203125 0.290625 0.034375 0.025
0 0.23515625 0.32890625 0.0296875 0.0296875
0 0.24765625 0.95859375 0.0546875 0.0546875
0 0.3203125 0.39296875 0.040625 0.0421875
0 0.3546875 0.83671875 0.05 0.0484375
0 0.3734375 0.3234375 0.034375 0.034375
0 0.4046875 0.36796875 0.028125 0.0296875
0 0.4421875 0.14375 0.065625 0.053125
0 0.4546875 0.20390625 0.0375 0.0359375
0 0.61484375 0.15390625 0.0515625 0.0515625
0 0.6171875 0.853125 0.05 0.046875
0 0.6984375 0.45859375 0.040625 0.0421875