0 0.5625 0.009375 0.028125 0.01875
0 0.3546875 0.02734375 0.059375 0.0546875
0 0.95703125 0.1671875 0.0515625 0.040625
0 0.7046875 0.2046875 0.03125 0.03125
0 0.66796875 0.23671875 0.0296875 0.0296875
0 0.04140625 0.24921875 0.0546875 0.0546875
0 0.60390625 0.3203125 0.0390625 0.04375
0 0.16328125 0.3546875 0.0390625 0.059375
0 0.6734375 0.3734375 0.034375 0.034375
0 0.62890625 0.4046875 0.0265625 0.03125
0 0.8515625 0.44140625 0.053125 0.0640625
0 0.79140625 0.4546875 0.0390625 0.034375
0 0.84140625 0.61328125 0.0515625 0.0515625
0 0.146875 0.615625 0.046875 0.05
0 0.53828125 0.696875 0.0328125 0.05