0 0.009375 0.4390625 0.01875 0.028125
0 0.02578125 0.646875 0.0515625 0.06875
0 0.16875 0.04140625 0.040625 0.0515625
0 0.20703125 0.2953125 0.0359375 0.025
0 0.23828125 0.3328125 0.0328125 0.028125
0 0.25078125 0.96328125 0.0546875 0.0546875
0 0.3234375 0.39765625 0.04375 0.0390625
0 0.3578125 0.84140625 0.059375 0.0390625
0 0.37578125 0.32890625 0.0359375 0.0328125
0 0.4078125 0.37265625 0.03125 0.0265625
0 0.4453125 0.14765625 0.065625 0.0546875
0 0.4578125 0.20859375 0.034375 0.0390625
0 0.61796875 0.15859375 0.0578125 0.0421875
0 0.62109375 0.8578125 0.0453125 0.053125
0 0.7015625 0.46328125 0.05 0.0328125