0 0.42421875 0.05234375 0.0421875 0.0421875
0 0.0546875 0.0671875 0.053125 0.046875
0 0.38203125 0.084375 0.0359375 0.034375
0 0.24296875 0.0875 0.0484375 0.05
0 0.40390625 0.20234375 0.0546875 0.0546875
0 0.34375 0.22265625 0.05 0.0484375
0 0.58046875 0.27265625 0.0421875 0.0515625
0 0.03828125 0.37265625 0.0703125 0.0484375
0 0.17265625 0.396875 0.0578125 0.059375
0 0.0296875 0.52890625 0.046875 0.0453125
0 0.2203125 0.73046875 0.05625 0.0546875
0 0.08046875 0.7921875 0.0515625 0.046875
0 0.559375 0.840625 0.053125 0.0625