0 0.94765625 0.42421875 0.0421875 0.0421875
0 0.9328125 0.0546875 0.046875 0.053125
0 0.915625 0.38203125 0.034375 0.0359375
0 0.9125 0.24296875 0.05 0.0484375
0 0.79765625 0.40390625 0.0546875 0.0546875
0 0.77734375 0.34375 0.0484375 0.05
0 0.72734375 0.58046875 0.0515625 0.0421875
0 0.62734375 0.03828125 0.0484375 0.0703125
0 0.603125 0.17265625 0.059375 0.0578125
0 0.47109375 0.0296875 0.0453125 0.046875
0 0.26953125 0.2203125 0.0546875 0.05625
0 0.2078125 0.08046875 0.046875 0.0515625
0 0.159375 0.559375 0.0625 0.053125