0 0.95234375 0.42265625 0.0421875 0.0421875
0 0.9375 0.05 0.046875 0.053125
0 0.9203125 0.38046875 0.034375 0.0359375
0 0.9171875 0.23984375 0.05 0.0484375
0 0.80078125 0.40234375 0.0546875 0.0546875
0 0.78046875 0.3421875 0.0484375 0.05
0 0.73046875 0.58046875 0.0515625 0.0421875
0 0.63046875 0.034375 0.0484375 0.06875
0 0.60625 0.16953125 0.059375 0.0578125
0 0.47265625 0.025 0.0453125 0.046875
0 0.26953125 0.2171875 0.0546875 0.05625
0 0.2078125 0.07734375 0.046875 0.0515625
0 0.159375 0.5578125 0.0625 0.053125