0 0.98984375 0.4359375 0.0203125 0.06875
0 0.9640625 0.828125 0.059375 0.05
0 0.9421875 0.42890625 0.05625 0.0515625
0 0.909375 0.49296875 0.046875 0.0515625
0 0.840625 0.5828125 0.046875 0.05
0 0.71015625 0.40625 0.0515625 0.05
0 0.65546875 0.29140625 0.0453125 0.0390625
0 0.63515625 0.6375 0.0359375 0.0375
0 0.62109375 0.5828125 0.0609375 0.0375
0 0.49296875 0.92734375 0.0421875 0.0296875
0 0.46640625 0.28359375 0.0390625 0.0453125
0 0.4 0.11796875 0.084375 0.0921875
0 0.39921875 0.225 0.0515625 0.0625
0 0.34765625 0.2 0.0453125 0.040625
0 0.26953125 0.89921875 0.0890625 0.0734375
0 0.25390625 0.69921875 0.0515625 0.0578125
0 0.2484375 0.76640625 0.046875 0.0453125
0 0.09921875 0.2515625 0.0359375 0.04375
0 0.0640625 0.07109375 0.0375 0.0421875
0 0.05703125 0.80546875 0.0640625 0.0484375
0 0.053125 0.1828125 0.065625 0.071875
0 0.01015625 0.23359375 0.0203125 0.0640625