0 0.434375 0.015625 0.04375 0.03125
0 0.828125 0.0359375 0.05 0.059375
0 0.42890625 0.0578125 0.0515625 0.05625
0 0.49296875 0.090625 0.0484375 0.05
0 0.58203125 0.15859375 0.0484375 0.0484375
0 0.40703125 0.2890625 0.0515625 0.05
0 0.29140625 0.34375 0.0390625 0.04375
0 0.6375 0.3640625 0.0375 0.0375
0 0.5828125 0.37890625 0.05 0.0484375
0 0.92734375 0.50703125 0.0359375 0.0359375
0 0.2828125 0.53359375 0.046875 0.0390625
0 0.1171875 0.6 0.090625 0.084375
0 0.225 0.60078125 0.0625 0.0515625
0 0.2 0.6515625 0.04375 0.04375
0 0.9 0.73046875 0.08125 0.0828125
0 0.69921875 0.74609375 0.0546875 0.0546875
0 0.76640625 0.7515625 0.0453125 0.046875
0 0.2515625 0.90078125 0.040625 0.0390625
0 0.07109375 0.9359375 0.0421875 0.0375
0 0.80546875 0.94296875 0.0484375 0.0640625
0 0.1828125 0.946875 0.071875 0.065625
0 0.23359375 0.984375 0.0421875 0.03125