0 0.4359375 0.01015625 0.06875 0.0203125
0 0.828125 0.0359375 0.05 0.059375
0 0.42890625 0.0578125 0.0515625 0.05625
0 0.49296875 0.090625 0.0515625 0.046875
0 0.5828125 0.159375 0.05 0.046875
0 0.40625 0.28984375 0.05 0.0515625
0 0.29140625 0.34453125 0.0390625 0.0453125
0 0.6375 0.36484375 0.0375 0.0359375
0 0.5828125 0.37890625 0.0375 0.0609375
0 0.92734375 0.50703125 0.0296875 0.0421875
0 0.28359375 0.53359375 0.0453125 0.0390625
0 0.11796875 0.6 0.0921875 0.084375
0 0.225 0.60078125 0.0625 0.0515625
0 0.2 0.65234375 0.040625 0.0453125
0 0.89921875 0.73046875 0.0734375 0.0890625
0 0.69921875 0.74609375 0.0578125 0.0515625
0 0.76640625 0.7515625 0.0453125 0.046875
0 0.2515625 0.90078125 0.04375 0.0359375
0 0.07109375 0.9359375 0.0421875 0.0375
0 0.80546875 0.94296875 0.0484375 0.0640625
0 0.1828125 0.946875 0.071875 0.065625
0 0.23359375 0.98984375 0.0640625 0.0203125