0 0.909375 0.44921875 0.040625 0.0484375
0 0.90234375 0.96328125 0.0890625 0.0734375
0 0.89921875 0.5265625 0.0515625 0.059375
0 0.790625 0.878125 0.0625 0.0875
0 0.75078125 0.496875 0.0546875 0.046875
0 0.72578125 0.15390625 0.0578125 0.0515625
0 0.7 0.021875 0.065625 0.04375
0 0.63671875 0.0734375 0.0515625 0.053125
0 0.628125 0.1703125 0.090625 0.078125
0 0.6171875 0.6515625 0.171875 0.103125
0 0.55 0.11484375 0.065625 0.0453125
0 0.503125 0.34296875 0.09375 0.0578125
0 0.409375 0.2984375 0.053125 0.053125
0 0.315625 0.265625 0.065625 0.09375
0 0.2703125 0.28125 0.040625 0.078125
0 0.096875 0.434375 0.115625 0.13125
0 0.05 0.0484375 0.06875 0.065625