0 0.9890625 0.6515625 0.021875 0.090625
0 0.96328125 0.234375 0.0421875 0.040625
0 0.94375 0.4703125 0.1 0.1
0 0.9234375 0.69375 0.06875 0.06875
0 0.66171875 0.9390625 0.1203125 0.121875
0 0.5890625 0.65859375 0.078125 0.0546875
0 0.53828125 0.46328125 0.0546875 0.0546875
0 0.5015625 0.7515625 0.078125 0.08125
0 0.4796875 0.98359375 0.05 0.0328125
0 0.4515625 0.04296875 0.1 0.0859375
0 0.44296875 0.59765625 0.0578125 0.0578125
0 0.40390625 0.18828125 0.0421875 0.0421875
0 0.3234375 0.96328125 0.09375 0.0734375
0 0.31015625 0.25234375 0.0578125 0.0546875
0 0.24375 0.81953125 0.065625 0.0671875
0 0.21875 0.171875 0.10625 0.06875
0 0.08125 0.278125 0.1375 0.1375