0 0.5578125 0.02578125 0.06875 0.0515625
0 0.8484375 0.02265625 0.090625 0.0453125
0 0.7984375 0.1046875 0.090625 0.0875
0 0.52109375 0.153125 0.0546875 0.05625
0 0.1328125 0.29296875 0.09375 0.0921875
0 0.68984375 0.30703125 0.0671875 0.0671875
0 0.2265625 0.4515625 0.0625 0.0625
0 0.70546875 0.57734375 0.0609375 0.0609375
0 0.34453125 0.6203125 0.0609375 0.0625
0 0.09453125 0.6328125 0.0609375 0.0875
0 0.5390625 0.6515625 0.053125 0.053125
0 0.5828125 0.65390625 0.05 0.0484375
0 0.15625 0.78125 0.0875 0.084375
0 0.3984375 0.82265625 0.0625 0.0640625
0 0.0640625 0.85078125 0.08125 0.0828125
0 0.35625 0.89765625 0.1 0.1109375
0 0.64609375 0.89765625 0.0640625 0.0640625
0 0.06875 0.96640625 0.065625 0.0640625
0 0.015625 0.990625 0.03125 0.01875