0 0.95703125 0.45625 0.0859375 0.178125
0 0.93828125 0.67265625 0.0453125 0.0421875
0 0.9203125 0.7703125 0.08125 0.046875
0 0.88671875 0.26328125 0.0671875 0.0421875
0 0.8796875 0.60625 0.04375 0.075
0 0.803125 0.79375 0.046875 0.05
0 0.78828125 0.65625 0.0671875 0.09375
0 0.77421875 0.48046875 0.0921875 0.0640625
0 0.73671875 0.984375 0.0546875 0.03125
0 0.6484375 0.5453125 0.075 0.046875
0 0.63828125 0.915625 0.0546875 0.059375
0 0.62578125 0.015625 0.0734375 0.03125
0 0.615625 0.25625 0.05 0.053125
0 0.6109375 0.1890625 0.059375 0.059375
0 0.3796875 0.803125 0.1 0.046875
0 0.2671875 0.04765625 0.040625 0.0609375
0 0.2234375 0.40078125 0.075 0.1328125
0 0.1234375 0.50546875 0.171875 0.1140625
0 0.01484375 0.7359375 0.0296875 0.05