0 0.44921875 0.0921875 0.0453125 0.04375
0 0.96171875 0.096875 0.0765625 0.084375
0 0.5265625 0.10234375 0.059375 0.0515625
0 0.878125 0.209375 0.0875 0.0625
0 0.496875 0.24921875 0.05 0.0515625
0 0.15390625 0.27421875 0.0546875 0.0546875
0 0.02421875 0.29921875 0.0484375 0.0546875
0 0.0734375 0.36484375 0.053125 0.0515625
0 0.16875 0.371875 0.084375 0.084375
0 0.6515625 0.384375 0.103125 0.171875
0 0.11484375 0.45 0.0453125 0.065625
0 0.3421875 0.496875 0.075 0.075
0 0.2984375 0.5921875 0.053125 0.053125
0 0.2640625 0.684375 0.078125 0.078125
0 0.28125 0.7296875 0.059375 0.059375
0 0.434375 0.9046875 0.13125 0.115625
0 0.0484375 0.95 0.06875 0.06875