0 0.98125 0.5625 0.0375 0.1
0 0.97734375 0.8546875 0.0453125 0.090625
0 0.8953125 0.80390625 0.075 0.1046875
0 0.846875 0.52421875 0.05625 0.0546875
0 0.70625 0.134375 0.084375 0.103125
0 0.6921875 0.6953125 0.06875 0.06875
0 0.5453125 0.228125 0.0625 0.0625
0 0.41953125 0.71015625 0.0609375 0.0609375
0 0.3765625 0.34765625 0.0625 0.0609375
0 0.3640625 0.0953125 0.075 0.075
0 0.3453125 0.5421875 0.053125 0.053125
0 0.34296875 0.58671875 0.0484375 0.0484375
0 0.2140625 0.1578125 0.084375 0.0875
0 0.171875 0.4015625 0.065625 0.0625
0 0.14375 0.065625 0.084375 0.08125
0 0.096875 0.359375 0.1125 0.1
0 0.096875 0.6515625 0.071875 0.059375
0 0.0296875 0.0703125 0.059375 0.065625
0 0.0078125 0.01484375 0.015625 0.0234375