0 0.6484375 0.01328125 0.090625 0.0265625
0 0.234375 0.04140625 0.040625 0.0421875
0 0.46796875 0.06171875 0.0734375 0.1234375
0 0.690625 0.08125 0.06875 0.06875
0 0.93515625 0.34140625 0.1203125 0.1203125
0 0.65625 0.4140625 0.065625 0.065625
0 0.46171875 0.46328125 0.0546875 0.0546875
0 0.7484375 0.5 0.08125 0.078125
0 0.98125 0.521875 0.0375 0.05
0 0.0390625 0.5515625 0.078125 0.11875
0 0.59453125 0.55859375 0.0515625 0.0640625
0 0.18828125 0.59765625 0.0421875 0.0421875
0 0.96171875 0.678125 0.0765625 0.09375
0 0.253125 0.68984375 0.05625 0.0578125
0 0.8140625 0.75625 0.06875 0.065625
0 0.17265625 0.78125 0.0671875 0.10625
0 0.278125 0.91875 0.14375 0.128125