0 0.9765625 0.02734375 0.046875 0.0546875
0 0.928125 0.18515625 0.090625 0.0984375
0 0.8578125 0.10390625 0.103125 0.1015625
0 0.85625 0.38125 0.053125 0.053125
0 0.77265625 0.24140625 0.0140625 0.0140625
0 0.76875 0.82109375 0.05625 0.0546875
0 0.71328125 0.1765625 0.0328125 0.025
0 0.68828125 0.47109375 0.0515625 0.0640625
0 0.68046875 0.8 0.0453125 0.034375
0 0.671875 0.87421875 0.1 0.0953125
0 0.67109375 0.9796875 0.0765625 0.040625
0 0.6234375 0.12109375 0.0375 0.0578125
0 0.621875 0.81953125 0.040625 0.0515625
0 0.54921875 0.740625 0.0515625 0.040625
0 0.49765625 0.46953125 0.0640625 0.0515625
0 0.45625 0.8296875 0.1 0.071875
0 0.2078125 0.52890625 0.16875 0.1703125
0 0.11015625 0.0328125 0.0765625 0.065625
0 0.09296875 0.95390625 0.1109375 0.0640625