0 0.98203125 0.4296875 0.0359375 0.19375
0 0.98203125 0.140625 0.0359375 0.084375
0 0.98203125 0.66875 0.0359375 0.078125
0 0.95703125 0.96328125 0.0734375 0.0734375
0 0.8734375 0.446875 0.1 0.08125
0 0.865625 0.828125 0.0375 0.059375
0 0.7859375 0.28984375 0.075 0.0546875
0 0.7515625 0.81875 0.0875 0.115625
0 0.6859375 0.1 0.09375 0.10625
0 0.5859375 0.42265625 0.065625 0.0484375
0 0.3890625 0.17890625 0.040625 0.0609375
0 0.3890625 0.6609375 0.0625 0.06875
0 0.25078125 0.596875 0.0546875 0.06875
0 0.1171875 0.6140625 0.11875 0.13125
0 0.0046875 0.3328125 0.009375 0.128125