0 0.13671875 0.43046875 0.1328125 0.1328125
0 0.15625 0.5625 0.05 0.05
0 0.29921875 0.57265625 0.1390625 0.1265625
0 0.471875 0.125 0.115625 0.115625
0 0.53359375 0.4125 0.0609375 0.0625
0 0.5828125 0.99375 0.065625 0.0125
0 0.5953125 0.65390625 0.08125 0.0796875
0 0.62578125 0.203125 0.1109375 0.1125
0 0.73125 0.6453125 0.065625 0.065625
0 0.8671875 0.50625 0.05 0.05
0 0.8875 0.9796875 0.08125 0.040625
0 0.89921875 0.671875 0.0484375 0.04375
0 0.97109375 0.76015625 0.0578125 0.0578125
0 0.975 0.6890625 0.05 0.053125