0 0.984375 0.490625 0.03125 0.090625
0 0.92890625 0.4140625 0.0453125 0.071875
0 0.928125 0.55625 0.078125 0.075
0 0.91875 0.646875 0.06875 0.06875
0 0.8484375 0.384375 0.065625 0.06875
0 0.84375 0.5125 0.128125 0.128125
0 0.73671875 0.70078125 0.0453125 0.0203125
0 0.73203125 0.3921875 0.0421875 0.04375
0 0.7203125 0.5578125 0.08125 0.08125
0 0.6921875 0.4515625 0.071875 0.071875
0 0.43125 0.75703125 0.04375 0.0390625
0 0.2796875 0.76875 0.040625 0.03125
0 0.25 0.30625 0.078125 0.08125
0 0.2203125 0.05625 0.10625 0.10625
0 0.21875 0.6421875 0.0625 0.06875
0 0.21171875 0.41796875 0.0453125 0.0453125
0 0.13203125 0.01796875 0.0421875 0.0359375
0 0.053125 0.375 0.078125 0.078125