0 0.44921875 0.090625 0.0453125 0.04375
0 0.96171875 0.0953125 0.0765625 0.084375
0 0.5265625 0.10078125 0.059375 0.0515625
0 0.878125 0.2078125 0.0875 0.0625
0 0.496875 0.24765625 0.05 0.0515625
0 0.15390625 0.27265625 0.0546875 0.0546875
0 0.02421875 0.29765625 0.0484375 0.0546875
0 0.0734375 0.36328125 0.053125 0.0515625
0 0.16875 0.3703125 0.084375 0.084375
0 0.6515625 0.3828125 0.103125 0.171875
0 0.11484375 0.4484375 0.0453125 0.065625
0 0.3421875 0.4953125 0.075 0.075
0 0.2984375 0.590625 0.053125 0.053125
0 0.2640625 0.6828125 0.078125 0.078125
0 0.28125 0.728125 0.059375 0.059375
0 0.434375 0.903125 0.13125 0.115625
0 0.0484375 0.9484375 0.06875 0.06875