0 0.5734375 0.134375 0.146875 0.11875
0 0.44140625 0.1546875 0.0453125 0.05625
0 0.4296875 0.2984375 0.128125 0.140625
0 0.88125 0.471875 0.128125 0.103125
0 0.5921875 0.534375 0.065625 0.05625
0 0.00625 0.584375 0.0125 0.065625
0 0.3484375 0.596875 0.08125 0.08125
0 0.8015625 0.6265625 0.115625 0.1125
0 0.3578125 0.73359375 0.06875 0.0609375
0 0.49765625 0.8703125 0.0453125 0.05625
0 0.0203125 0.890625 0.040625 0.08125
0 0.33203125 0.90234375 0.0453125 0.0484375
0 0.2421875 0.9734375 0.059375 0.053125
0 0.315625 0.97890625 0.059375 0.0421875