0 0.021875 0.01640625 0.04375 0.0328125
0 0.16875 0.05859375 0.059375 0.0453125
0 0.96171875 0.20703125 0.0765625 0.0734375
0 0.3984375 0.215625 0.0375 0.05625
0 0.3171875 0.2625 0.08125 0.078125
0 0.7765625 0.33125 0.046875 0.0375
0 0.425 0.3484375 0.084375 0.134375
0 0.6640625 0.434375 0.05 0.065625
0 0.796875 0.43671875 0.05 0.0421875
0 0.296875 0.478125 0.08125 0.09375
0 0.35625 0.4796875 0.065625 0.065625
0 0.9859375 0.521875 0.028125 0.103125
0 0.4875 0.5359375 0.0875 0.075
0 0.27109375 0.5625 0.0515625 0.06875
0 0.7984375 0.5734375 0.075 0.096875
0 0.7171875 0.6734375 0.0625 0.065625
0 0.296875 0.753125 0.0875 0.06875
0 0.45703125 0.809375 0.0515625 0.065625
0 0.7578125 0.828125 0.128125 0.078125
0 0.90859375 0.8640625 0.0609375 0.08125
0 0.96875 0.88515625 0.025 0.0609375
0 0.5171875 0.8953125 0.06875 0.078125
0 0.2609375 0.91875 0.075 0.1
0 0.1546875 0.98984375 0.084375 0.0203125