0 0.9578125 0.45390625 0.084375 0.1796875
0 0.93984375 0.67265625 0.0453125 0.0421875
0 0.921875 0.7703125 0.08125 0.046875
0 0.8875 0.26015625 0.06875 0.0421875
0 0.88125 0.60546875 0.04375 0.0765625
0 0.803125 0.79375 0.046875 0.05
0 0.7890625 0.65625 0.06875 0.09375
0 0.775 0.4796875 0.09375 0.065625
0 0.73671875 0.98515625 0.0546875 0.0296875
0 0.6484375 0.54375 0.075 0.046875
0 0.63828125 0.9171875 0.0546875 0.059375
0 0.625 0.01328125 0.075 0.0265625
0 0.615625 0.253125 0.05 0.053125
0 0.6109375 0.1859375 0.059375 0.059375
0 0.378125 0.803125 0.1 0.046875
0 0.2640625 0.04296875 0.040625 0.0609375
0 0.2203125 0.3984375 0.075 0.134375
0 0.1203125 0.5046875 0.171875 0.115625
0 0.0125 0.7359375 0.025 0.05