0 0.4546875 0.05234375 0.134375 0.1046875
0 0.67421875 0.0578125 0.0421875 0.046875
0 0.771875 0.0765625 0.065625 0.065625
0 0.26171875 0.1109375 0.0421875 0.06875
0 0.6078125 0.11875 0.059375 0.059375
0 0.79453125 0.19609375 0.0484375 0.0484375
0 0.6578125 0.209375 0.08125 0.08125
0 0.4796875 0.225 0.078125 0.08125
0 0.9859375 0.26171875 0.028125 0.0546875
0 0.5453125 0.3515625 0.0625 0.059375
0 0.91875 0.36171875 0.059375 0.0546875
0 0.01875 0.3734375 0.0375 0.053125
0 0.2546875 0.384375 0.05 0.05
0 0.1875 0.3890625 0.059375 0.059375
0 0.8046875 0.621875 0.046875 0.1
0 0.04453125 0.734375 0.0609375 0.040625
0 0.4 0.778125 0.10625 0.103125
0 0.5046875 0.8796875 0.14375 0.14375
0 0.73671875 0.98359375 0.0390625 0.0328125