0 0.48828125 0.0171875 0.0890625 0.034375
0 0.4125 0.07421875 0.071875 0.0453125
0 0.5546875 0.07421875 0.075 0.0765625
0 0.64375 0.08359375 0.06875 0.0671875
0 0.38359375 0.15390625 0.0671875 0.0640625
0 0.5109375 0.159375 0.128125 0.128125
0 0.69765625 0.26484375 0.0203125 0.0453125
0 0.390625 0.26953125 0.04375 0.0421875
0 0.55546875 0.28203125 0.0796875 0.0796875
0 0.44921875 0.309375 0.0703125 0.071875
0 0.75390625 0.56875 0.0390625 0.04375
0 0.765625 0.71875 0.03125 0.040625
0 0.30546875 0.7484375 0.0796875 0.078125
0 0.05703125 0.77890625 0.1046875 0.1046875
0 0.6390625 0.7796875 0.06875 0.0625
0 0.41640625 0.78671875 0.0453125 0.0453125
0 0.01875 0.86640625 0.0375 0.0421875
0 0.3734375 0.94375 0.078125 0.078125