0 0.48828125 0.0171875 0.0890625 0.034375
0 0.4125 0.07421875 0.071875 0.0453125
0 0.5546875 0.075 0.071875 0.08125
0 0.64453125 0.0828125 0.0640625 0.071875
0 0.38359375 0.15390625 0.0609375 0.0703125
0 0.51171875 0.159375 0.1828125 0.071875
0 0.69765625 0.26484375 0.0203125 0.0453125
0 0.390625 0.26953125 0.0375 0.0484375
0 0.55625 0.28203125 0.078125 0.0796875
0 0.45 0.31015625 0.059375 0.0828125
0 0.75390625 0.56953125 0.0390625 0.0453125
0 0.76640625 0.71875 0.0328125 0.040625
0 0.30546875 0.7484375 0.0765625 0.08125
0 0.05703125 0.7796875 0.1140625 0.096875
0 0.6390625 0.7796875 0.06875 0.0625
0 0.415625 0.7875 0.05 0.040625
0 0.01640625 0.8671875 0.0328125 0.053125
0 0.3734375 0.94375 0.096875 0.059375