0 0.9828125 0.02265625 0.034375 0.0453125
0 0.93984375 0.1703125 0.0453125 0.059375
0 0.79140625 0.9625 0.0734375 0.075
0 0.7828125 0.4 0.05625 0.0375
0 0.7375 0.31875 0.078125 0.08125
0 0.66875 0.778125 0.0375 0.046875
0 0.6515625 0.4265625 0.134375 0.084375
0 0.5640625 0.665625 0.065625 0.05
0 0.56171875 0.7984375 0.0421875 0.05
0 0.521875 0.2984375 0.09375 0.08125
0 0.5203125 0.3578125 0.065625 0.065625
0 0.4765625 0.98671875 0.103125 0.0265625
0 0.4625 0.4890625 0.075 0.0875
0 0.4359375 0.27265625 0.06875 0.0515625
0 0.425 0.8 0.096875 0.075
0 0.325 0.71875 0.065625 0.0625
0 0.2453125 0.2984375 0.06875 0.0875
0 0.1890625 0.45859375 0.065625 0.0515625
0 0.1703125 0.76015625 0.078125 0.1296875
0 0.1359375 0.91015625 0.08125 0.0609375
0 0.11484375 0.9703125 0.0609375 0.025
0 0.103125 0.51875 0.078125 0.06875
0 0.08125 0.2625 0.1 0.075
0 0.009375 0.15625 0.01875 0.084375