0 0.5609375 0.02578125 0.06875 0.0515625
0 0.8546875 0.02265625 0.090625 0.0453125
0 0.803125 0.10625 0.090625 0.0875
0 0.52421875 0.1546875 0.0546875 0.05625
0 0.134375 0.2953125 0.09375 0.09375
0 0.6953125 0.309375 0.06875 0.06875
0 0.228125 0.4546875 0.0625 0.0625
0 0.71015625 0.58203125 0.0609375 0.0609375
0 0.34765625 0.625 0.0609375 0.0625
0 0.09609375 0.6375 0.0609375 0.0875
0 0.5421875 0.65625 0.053125 0.053125
0 0.5875 0.65859375 0.05 0.0484375
0 0.1578125 0.7859375 0.0875 0.084375
0 0.4015625 0.828125 0.0625 0.065625
0 0.065625 0.85625 0.08125 0.084375
0 0.359375 0.903125 0.1 0.1125
0 0.65 0.903125 0.065625 0.065625
0 0.0703125 0.9703125 0.065625 0.059375
0 0.015625 0.99375 0.03125 0.0125