0 0.9828125 0.490625 0.034375 0.090625
0 0.92578125 0.4140625 0.0453125 0.071875
0 0.925 0.55625 0.078125 0.075
0 0.915625 0.646875 0.06875 0.06875
0 0.8453125 0.384375 0.065625 0.06875
0 0.840625 0.5125 0.128125 0.128125
0 0.73359375 0.70078125 0.0453125 0.0203125
0 0.72890625 0.3921875 0.0421875 0.04375
0 0.7171875 0.5578125 0.08125 0.08125
0 0.6890625 0.4515625 0.071875 0.071875
0 0.428125 0.75703125 0.04375 0.0390625
0 0.2765625 0.76875 0.040625 0.03125
0 0.246875 0.30625 0.078125 0.08125
0 0.2171875 0.05625 0.10625 0.10625
0 0.215625 0.6421875 0.0625 0.06875
0 0.20859375 0.41796875 0.0453125 0.0453125
0 0.12890625 0.01796875 0.0421875 0.0359375
0 0.05 0.375 0.078125 0.078125