0 0.56953125 0.13671875 0.1328125 0.1328125
0 0.4375 0.15625 0.04375 0.05625
0 0.42734375 0.29921875 0.1265625 0.1390625
0 0.875 0.471875 0.128125 0.103125
0 0.5875 0.534375 0.065625 0.05625
0 0.00625 0.5828125 0.0125 0.065625
0 0.34609375 0.5953125 0.0796875 0.08125
0 0.796875 0.62578125 0.1125 0.1109375
0 0.3546875 0.73125 0.065625 0.065625
0 0.49375 0.8671875 0.05 0.05
0 0.025 0.88671875 0.05 0.0609375
0 0.328125 0.89921875 0.046875 0.0453125
0 0.240625 0.971875 0.059375 0.05625
0 0.3125 0.97734375 0.059375 0.0453125