0 0.0921875 0.55234375 0.040625 0.0484375
0 0.09921875 0.03828125 0.0890625 0.0765625
0 0.10234375 0.475 0.0515625 0.059375
0 0.209375 0.1265625 0.0625 0.0875
0 0.24921875 0.5046875 0.0546875 0.046875
0 0.27421875 0.84609375 0.0578125 0.0515625
0 0.3 0.97734375 0.065625 0.0453125
0 0.36328125 0.9265625 0.0515625 0.053125
0 0.37109375 0.8296875 0.0890625 0.078125
0 0.3828125 0.35078125 0.171875 0.1015625
0 0.4484375 0.88515625 0.065625 0.0453125
0 0.49609375 0.65859375 0.0921875 0.0578125
0 0.5890625 0.7015625 0.053125 0.053125
0 0.68203125 0.73515625 0.0640625 0.0921875
0 0.7265625 0.71875 0.040625 0.078125
0 0.9 0.5671875 0.115625 0.13125
0 0.9453125 0.95 0.06875 0.065625