0 0.490625 0.0171875 0.090625 0.034375
0 0.4140625 0.07578125 0.071875 0.0453125
0 0.55625 0.0765625 0.071875 0.08125
0 0.646875 0.084375 0.065625 0.071875
0 0.38515625 0.1546875 0.0609375 0.071875
0 0.5140625 0.1609375 0.184375 0.071875
0 0.70078125 0.26640625 0.0203125 0.0453125
0 0.3921875 0.27109375 0.0375 0.0484375
0 0.5578125 0.284375 0.078125 0.08125
0 0.4515625 0.3125 0.059375 0.084375
0 0.75703125 0.57421875 0.0390625 0.0453125
0 0.76953125 0.7234375 0.0328125 0.040625
0 0.30625 0.753125 0.078125 0.08125
0 0.05625 0.78359375 0.1125 0.0984375
0 0.6421875 0.784375 0.06875 0.0625
0 0.4171875 0.7921875 0.05 0.040625
0 0.015625 0.8734375 0.03125 0.053125
0 0.375 0.95 0.096875 0.059375