0 0.453125 0.05234375 0.134375 0.1046875
0 0.67265625 0.0578125 0.0453125 0.04375
0 0.7703125 0.0765625 0.065625 0.065625
0 0.26015625 0.11171875 0.0546875 0.0546875
0 0.60625 0.11875 0.059375 0.059375
0 0.79375 0.1953125 0.05 0.046875
0 0.65625 0.209375 0.09375 0.065625
0 0.478125 0.225 0.065625 0.09375
0 0.98203125 0.2609375 0.0359375 0.04375
0 0.54375 0.3515625 0.0625 0.059375
0 0.9171875 0.36171875 0.059375 0.0546875
0 0.01796875 0.3734375 0.0359375 0.053125
0 0.253125 0.384375 0.05 0.05
0 0.1859375 0.3890625 0.059375 0.059375
0 0.803125 0.621875 0.046875 0.1
0 0.04296875 0.734375 0.0515625 0.05
0 0.3984375 0.778125 0.10625 0.103125
0 0.503125 0.8796875 0.115625 0.171875
0 0.7359375 0.98671875 0.05 0.0265625