0 0.44765625 0.0921875 0.0453125 0.04375
0 0.96015625 0.0984375 0.0796875 0.084375
0 0.525 0.10234375 0.059375 0.0515625
0 0.8734375 0.209375 0.0875 0.0625
0 0.4953125 0.24921875 0.05 0.0515625
0 0.15390625 0.27421875 0.0546875 0.0546875
0 0.025 0.29921875 0.05 0.0546875
0 0.0734375 0.36328125 0.053125 0.0515625
0 0.16953125 0.37109375 0.0828125 0.0828125
0 0.6484375 0.3828125 0.103125 0.171875
0 0.11484375 0.4484375 0.0453125 0.065625
0 0.34140625 0.4953125 0.0734375 0.075
0 0.2984375 0.5890625 0.053125 0.053125
0 0.2640625 0.68203125 0.078125 0.0765625
0 0.28125 0.7265625 0.059375 0.059375
0 0.4328125 0.9 0.13125 0.115625
0 0.05 0.9453125 0.06875 0.06875