0 0.45625 0.04296875 0.178125 0.0859375
0 0.67265625 0.06171875 0.0421875 0.0453125
0 0.7703125 0.0796875 0.046875 0.08125
0 0.26328125 0.11328125 0.0421875 0.0671875
0 0.60625 0.1203125 0.075 0.04375
0 0.79375 0.196875 0.05 0.046875
0 0.65625 0.21171875 0.09375 0.0671875
0 0.48046875 0.22578125 0.0640625 0.0921875
0 0.984375 0.26328125 0.03125 0.0546875
0 0.5453125 0.3515625 0.046875 0.075
0 0.915625 0.36171875 0.059375 0.0546875
0 0.015625 0.37421875 0.03125 0.0734375
0 0.25625 0.384375 0.053125 0.05
0 0.1890625 0.3890625 0.059375 0.059375
0 0.803125 0.6203125 0.046875 0.1
0 0.04765625 0.7328125 0.0609375 0.040625
0 0.40078125 0.7765625 0.1328125 0.075
0 0.50546875 0.8765625 0.1140625 0.171875
0 0.7359375 0.98515625 0.05 0.0296875