0 0.02734375 0.02265625 0.0546875 0.0453125
0 0.1859375 0.071875 0.1 0.090625
0 0.1046875 0.1421875 0.103125 0.103125
0 0.384375 0.14375 0.053125 0.053125
0 0.24296875 0.22734375 0.0140625 0.0140625
0 0.82734375 0.23125 0.0546875 0.05625
0 0.178125 0.28671875 0.025 0.0328125
0 0.475 0.31171875 0.065625 0.0515625
0 0.8046875 0.32109375 0.034375 0.0453125
0 0.8796875 0.3296875 0.096875 0.1
0 0.9828125 0.3296875 0.034375 0.078125
0 0.12265625 0.378125 0.0578125 0.0375
0 0.82578125 0.3796875 0.0515625 0.040625
0 0.7453125 0.45234375 0.040625 0.0515625
0 0.47265625 0.5046875 0.0515625 0.065625
0 0.8359375 0.5453125 0.071875 0.1
0 0.5328125 0.7953125 0.171875 0.16875
0 0.0328125 0.89296875 0.065625 0.0765625
0 0.9609375 0.9109375 0.065625 0.1125