0 0.0171875 0.5125 0.034375 0.090625
0 0.07578125 0.58828125 0.0453125 0.0734375
0 0.0765625 0.4453125 0.08125 0.071875
0 0.084375 0.3546875 0.071875 0.065625
0 0.1546875 0.61796875 0.071875 0.0609375
0 0.1609375 0.4890625 0.071875 0.184375
0 0.26640625 0.30078125 0.0453125 0.0203125
0 0.27109375 0.6109375 0.0484375 0.0375
0 0.284375 0.44375 0.08125 0.078125
0 0.3125 0.55 0.084375 0.059375
0 0.57421875 0.24453125 0.0453125 0.0390625
0 0.7234375 0.23203125 0.040625 0.0328125
0 0.753125 0.696875 0.08125 0.078125
0 0.78359375 0.94453125 0.0984375 0.1109375
0 0.784375 0.3609375 0.0625 0.06875
0 0.7921875 0.5859375 0.040625 0.05
0 0.8734375 0.98515625 0.053125 0.0296875
0 0.95 0.628125 0.059375 0.096875