0 0.9625 0.4265625 0.075 0.115625
0 0.97578125 0.1390625 0.0484375 0.059375
0 0.98125 0.66484375 0.0375 0.0765625
0 0.9546875 0.9609375 0.071875 0.078125
0 0.871875 0.44296875 0.1 0.0796875
0 0.8640625 0.82109375 0.05 0.0484375
0 0.78515625 0.28828125 0.0734375 0.0546875
0 0.75078125 0.8125 0.0984375 0.1
0 0.68671875 0.09921875 0.0984375 0.0984375
0 0.58671875 0.41953125 0.0640625 0.0484375
0 0.390625 0.17734375 0.05 0.0515625
0 0.390625 0.65625 0.065625 0.065625
0 0.25390625 0.5921875 0.0546875 0.06875
0 0.1203125 0.61015625 0.125 0.1234375
0 0.021875 0.32890625 0.04375 0.0703125