0 0.9828125 0.5578125 0.034375 0.1
0 0.97890625 0.85 0.0421875 0.090625
0 0.8984375 0.79921875 0.075 0.1046875
0 0.85 0.51953125 0.071875 0.0390625
0 0.709375 0.1296875 0.084375 0.103125
0 0.69375 0.690625 0.05625 0.078125
0 0.5484375 0.22421875 0.071875 0.0546875
0 0.42265625 0.70625 0.0578125 0.065625
0 0.3796875 0.3421875 0.059375 0.065625
0 0.3671875 0.09140625 0.0875 0.0609375
0 0.3484375 0.5375 0.046875 0.059375
0 0.34609375 0.5828125 0.0484375 0.05
0 0.2171875 0.153125 0.10625 0.065625
0 0.175 0.396875 0.065625 0.0625
0 0.146875 0.059375 0.075 0.090625
0 0.1 0.3546875 0.1125 0.103125
0 0.1 0.646875 0.071875 0.059375
0 0.03046875 0.065625 0.0578125 0.071875
0 0.0078125 0.01328125 0.015625 0.0265625