0 0.01328125 0.3515625 0.0265625 0.090625
0 0.04140625 0.765625 0.0421875 0.040625
0 0.06171875 0.53203125 0.0984375 0.0984375
0 0.08125 0.309375 0.06875 0.06875
0 0.34140625 0.06484375 0.1203125 0.1203125
0 0.41328125 0.34453125 0.0765625 0.0546875
0 0.46328125 0.53828125 0.0546875 0.0546875
0 0.5 0.2515625 0.078125 0.08125
0 0.521875 0.01875 0.05 0.0375
0 0.55078125 0.95625 0.0984375 0.0875
0 0.55859375 0.40546875 0.0578125 0.0578125
0 0.59765625 0.81171875 0.0421875 0.0421875
0 0.678125 0.03828125 0.09375 0.0765625
0 0.68984375 0.74765625 0.0578125 0.0546875
0 0.75625 0.18515625 0.065625 0.0671875
0 0.78125 0.82734375 0.10625 0.0671875
0 0.91796875 0.721875 0.1359375 0.1375