0 0.45546875 0.05390625 0.1328125 0.1078125
0 0.67265625 0.0609375 0.0453125 0.04375
0 0.7703125 0.07890625 0.065625 0.0640625
0 0.26328125 0.11328125 0.0546875 0.0546875
0 0.60625 0.1203125 0.059375 0.059375
0 0.79375 0.196875 0.05 0.046875
0 0.65625 0.2109375 0.09375 0.065625
0 0.4796875 0.22578125 0.065625 0.0921875
0 0.98125 0.2625 0.0375 0.04375
0 0.5453125 0.3515625 0.0625 0.059375
0 0.915625 0.36171875 0.059375 0.0546875
0 0.0203125 0.3734375 0.040625 0.053125
0 0.25625 0.384375 0.05 0.05
0 0.1890625 0.3890625 0.059375 0.059375
0 0.803125 0.6203125 0.046875 0.1
0 0.04765625 0.7328125 0.0515625 0.05
0 0.40078125 0.7765625 0.1046875 0.103125
0 0.5046875 0.8765625 0.115625 0.171875
0 0.7359375 0.98515625 0.05 0.0296875