0 0.42734375 0.01875 0.1921875 0.0375
0 0.13984375 0.01875 0.0828125 0.0375
0 0.66484375 0.01875 0.0765625 0.0375
0 0.9609375 0.0453125 0.078125 0.071875
0 0.44296875 0.128125 0.0796875 0.1
0 0.821875 0.1359375 0.059375 0.0375
0 0.28828125 0.21484375 0.0546875 0.0734375
0 0.81328125 0.24921875 0.1140625 0.0859375
0 0.09921875 0.31328125 0.1046875 0.0921875
0 0.41953125 0.41328125 0.0484375 0.0640625
0 0.17734375 0.609375 0.0609375 0.040625
0 0.65625 0.609375 0.06875 0.0625
0 0.5921875 0.74609375 0.06875 0.0546875
0 0.61015625 0.8796875 0.1296875 0.11875
0 0.3296875 0.99296875 0.128125 0.0140625