0 0.02734375 0.0234375 0.0546875 0.046875
0 0.18515625 0.071875 0.0984375 0.090625
0 0.10390625 0.1421875 0.1015625 0.103125
0 0.38125 0.14375 0.053125 0.053125
0 0.24140625 0.22734375 0.0140625 0.0140625
0 0.82109375 0.23125 0.0546875 0.05625
0 0.1765625 0.28671875 0.025 0.0328125
0 0.47109375 0.31171875 0.0640625 0.0515625
0 0.8 0.31953125 0.034375 0.0453125
0 0.87421875 0.328125 0.0953125 0.1
0 0.9796875 0.32890625 0.040625 0.0765625
0 0.12109375 0.3765625 0.0578125 0.0375
0 0.81953125 0.378125 0.0515625 0.040625
0 0.740625 0.45078125 0.040625 0.0515625
0 0.46953125 0.50234375 0.0515625 0.0640625
0 0.8296875 0.54375 0.071875 0.1
0 0.52890625 0.7921875 0.1703125 0.16875
0 0.0328125 0.88984375 0.065625 0.0765625
0 0.95390625 0.90703125 0.0640625 0.1109375