0 0.6484375 0.0109375 0.090625 0.021875
0 0.23125 0.0359375 0.04375 0.040625
0 0.465625 0.059375 0.075 0.11875
0 0.6921875 0.078125 0.084375 0.053125
0 0.9359375 0.3390625 0.121875 0.121875
0 0.65546875 0.4109375 0.0546875 0.078125
0 0.46015625 0.46171875 0.0609375 0.0484375
0 0.7484375 0.5 0.065625 0.09375
0 0.9890625 0.521875 0.021875 0.08125
0 0.03671875 0.54921875 0.0734375 0.1203125
0 0.59453125 0.5578125 0.0515625 0.065625
0 0.18515625 0.59765625 0.0359375 0.0484375
0 0.97109375 0.678125 0.0578125 0.128125
0 0.24921875 0.68984375 0.0546875 0.0578125
0 0.815625 0.75625 0.06875 0.065625
0 0.16875 0.78125 0.06875 0.10625
0 0.275 0.9203125 0.14375 0.128125