0 0.0234375 0.01796875 0.046875 0.0359375
0 0.1703125 0.0609375 0.059375 0.046875
0 0.9609375 0.209375 0.075 0.075
0 0.3984375 0.2171875 0.046875 0.046875
0 0.3171875 0.26328125 0.078125 0.0796875
0 0.775 0.33125 0.04375 0.04375
0 0.425 0.3484375 0.08125 0.134375
0 0.6625 0.43515625 0.05625 0.0578125
0 0.7953125 0.43671875 0.046875 0.0453125
0 0.2984375 0.47734375 0.0875 0.0859375
0 0.35703125 0.47890625 0.0640625 0.0640625
0 0.975 0.52109375 0.05 0.0671875
0 0.4875 0.5359375 0.08125 0.08125
0 0.27265625 0.56171875 0.0515625 0.0671875
0 0.7953125 0.57265625 0.084375 0.0828125
0 0.715625 0.67265625 0.0625 0.0640625
0 0.2984375 0.7515625 0.0875 0.06875
0 0.45703125 0.8078125 0.0515625 0.065625
0 0.75625 0.825 0.128125 0.075
0 0.90546875 0.8609375 0.0609375 0.08125
0 0.965625 0.88203125 0.04375 0.0421875
0 0.51640625 0.8921875 0.0734375 0.071875
0 0.26171875 0.915625 0.0859375 0.0875
0 0.15625 0.98046875 0.053125 0.0390625