0 0.9890625 0.65 0.021875 0.090625
0 0.96328125 0.2328125 0.0421875 0.040625
0 0.940625 0.4671875 0.11875 0.075
0 0.9234375 0.6921875 0.06875 0.06875
0 0.6609375 0.9390625 0.121875 0.121875
0 0.5890625 0.6578125 0.065625 0.065625
0 0.53828125 0.46171875 0.0546875 0.0546875
0 0.5015625 0.75 0.078125 0.08125
0 0.4796875 0.9828125 0.05 0.034375
0 0.45078125 0.0375 0.1203125 0.075
0 0.44375 0.59609375 0.065625 0.0515625
0 0.40390625 0.18671875 0.0421875 0.0421875
0 0.3234375 0.9625 0.09375 0.075
0 0.31015625 0.2515625 0.0578125 0.05625
0 0.24375 0.8171875 0.065625 0.06875
0 0.21875 0.1703125 0.10625 0.06875
0 0.08125 0.2765625 0.128125 0.14375