0 0.5578125 0.02421875 0.06875 0.0484375
0 0.8515625 0.02109375 0.090625 0.0421875
0 0.8 0.103125 0.090625 0.0875
0 0.52109375 0.1515625 0.0546875 0.05625
0 0.13125 0.2921875 0.09375 0.09375
0 0.6921875 0.30625 0.06875 0.06875
0 0.225 0.4515625 0.0625 0.0625
0 0.70703125 0.57890625 0.0609375 0.0609375
0 0.34453125 0.621875 0.0609375 0.0625
0 0.09296875 0.634375 0.0609375 0.0875
0 0.5390625 0.653125 0.053125 0.053125
0 0.584375 0.65546875 0.05 0.0484375
0 0.1546875 0.7828125 0.0875 0.084375
0 0.3984375 0.825 0.0625 0.065625
0 0.0609375 0.853125 0.08125 0.084375
0 0.35625 0.9 0.1 0.1125
0 0.646875 0.9 0.065625 0.065625
0 0.065625 0.96796875 0.065625 0.0640625
0 0.0140625 0.9921875 0.028125 0.015625