0 0.02265625 0.97578125 0.0453125 0.0484375
0 0.0703125 0.81796875 0.09375 0.0953125
0 0.140625 0.9 0.103125 0.1
0 0.1421875 0.6203125 0.053125 0.053125
0 0.22578125 0.76015625 0.0140625 0.0140625
0 0.22890625 0.17734375 0.0546875 0.0546875
0 0.28515625 0.8265625 0.0296875 0.028125
0 0.309375 0.5296875 0.059375 0.059375
0 0.31875 0.1984375 0.040625 0.040625
0 0.328125 0.1234375 0.1 0.096875
0 0.32734375 0.0234375 0.0578125 0.046875
0 0.3765625 0.88203125 0.046875 0.0484375
0 0.37734375 0.17890625 0.0453125 0.0453125
0 0.45078125 0.2578125 0.0515625 0.040625
0 0.50234375 0.53046875 0.0578125 0.0578125
0 0.54375 0.16875 0.084375 0.084375
0 0.79375 0.471875 0.16875 0.16875
0 0.89140625 0.96875 0.0765625 0.0625
0 0.90859375 0.04375 0.0859375 0.0875