0 0.01796875 0.44375 0.0359375 0.1
0 0.021875 0.1515625 0.04375 0.090625
0 0.1046875 0.2015625 0.075 0.103125
0 0.153125 0.48046875 0.071875 0.0390625
0 0.29375 0.871875 0.084375 0.103125
0 0.3078125 0.3109375 0.05625 0.078125
0 0.453125 0.77578125 0.071875 0.0546875
0 0.58046875 0.2953125 0.0578125 0.065625
0 0.6234375 0.6578125 0.059375 0.065625
0 0.6359375 0.91015625 0.0875 0.0609375
0 0.6546875 0.4625 0.046875 0.059375
0 0.65703125 0.41875 0.0484375 0.05
0 0.784375 0.8484375 0.10625 0.065625
0 0.8265625 0.6046875 0.065625 0.0625
0 0.8546875 0.940625 0.075 0.090625
0 0.9015625 0.6453125 0.1125 0.103125
0 0.9015625 0.3546875 0.071875 0.059375
0 0.97109375 0.9359375 0.0578125 0.071875
0 0.99296875 0.98671875 0.0140625 0.0265625