0 0.4265625 0.0375 0.115625 0.075
0 0.1390625 0.02421875 0.059375 0.0484375
0 0.66484375 0.01875 0.0765625 0.0375
0 0.9609375 0.0453125 0.078125 0.071875
0 0.44296875 0.128125 0.0796875 0.1
0 0.82109375 0.1359375 0.0484375 0.05
0 0.28828125 0.21484375 0.0546875 0.0734375
0 0.8125 0.24921875 0.1 0.0984375
0 0.09921875 0.31328125 0.0984375 0.0984375
0 0.41953125 0.41328125 0.0484375 0.0640625
0 0.17734375 0.609375 0.0515625 0.05
0 0.65625 0.609375 0.065625 0.065625
0 0.5921875 0.74609375 0.06875 0.0546875
0 0.61015625 0.8796875 0.1234375 0.125
0 0.32890625 0.978125 0.0703125 0.04375