0 0.4875 0.0234375 0.0625 0.046875
0 0.4125 0.07421875 0.059375 0.0578125
0 0.5546875 0.07421875 0.075 0.0765625
0 0.64375 0.08359375 0.06875 0.0671875
0 0.38359375 0.15390625 0.0671875 0.0640625
0 0.5109375 0.159375 0.184375 0.071875
0 0.69765625 0.26484375 0.0328125 0.0328125
0 0.390625 0.26953125 0.04375 0.0421875
0 0.55546875 0.28203125 0.0796875 0.0796875
0 0.44921875 0.309375 0.0703125 0.071875
0 0.75390625 0.56953125 0.0421875 0.0421875
0 0.765625 0.71953125 0.0375 0.0359375
0 0.30546875 0.7484375 0.0765625 0.08125
0 0.05703125 0.77890625 0.1046875 0.1046875
0 0.6390625 0.7796875 0.065625 0.065625
0 0.415625 0.7875 0.05 0.040625
0 0.01875 0.86640625 0.0375 0.0421875
0 0.3734375 0.94375 0.078125 0.078125