0 0.4328125 0.06640625 0.065625 0.0515625
0 0.57578125 0.08515625 0.0984375 0.0890625
0 0.46796875 0.0921875 0.0546875 0.053125
0 0.34609375 0.18671875 0.0359375 0.0390625
0 0.67265625 0.190625 0.0515625 0.05625
0 0.465625 0.34921875 0.034375 0.0390625
0 0.5 0.37421875 0.053125 0.0390625
0 0.50859375 0.44296875 0.0359375 0.0265625
0 0.61328125 0.47734375 0.0484375 0.0484375
0 0.50234375 0.5765625 0.0921875 0.090625
0 0.8984375 0.58203125 0.1 0.1203125
0 0.06953125 0.7234375 0.0546875 0.059375
0 0.2640625 0.7953125 0.021875 0.021875
0 0.5234375 0.91875 0.065625 0.065625
0 0.14609375 0.9234375 0.0265625 0.025
0 0.33671875 0.9453125 0.1265625 0.109375