0 0.2625 0.0125 0.05 0.025
0 0.828125 0.08671875 0.0625 0.0609375
0 0.5109375 0.17890625 0.14375 0.0796875
0 0.93828125 0.18203125 0.0484375 0.0484375
0 0.97734375 0.253125 0.0453125 0.05
0 0.40859375 0.26640625 0.0484375 0.0484375
0 0.29140625 0.303125 0.1234375 0.121875
0 0.584375 0.3375 0.075 0.075
0 0.49375 0.40234375 0.05625 0.0640625
0 0.35625 0.4234375 0.078125 0.075
0 0.7890625 0.4328125 0.04375 0.04375
0 0.40859375 0.50703125 0.0640625 0.0640625
0 0.715625 0.575 0.040625 0.03125
0 0.46484375 0.60078125 0.0421875 0.0390625
0 0.78046875 0.63828125 0.0359375 0.0765625
0 0.6265625 0.66875 0.034375 0.034375
0 0.50234375 0.76171875 0.0703125 0.0703125
0 0.25 0.853125 0.0625 0.046875
0 0.15703125 0.97421875 0.0671875 0.0515625