0 0.4890625 0.02421875 0.065625 0.0484375
0 0.3 0.0625 0.090625 0.121875
0 0.6515625 0.10625 0.053125 0.0625
0 0.70390625 0.10703125 0.0484375 0.0359375
0 0.5171875 0.14765625 0.103125 0.0421875
0 0.75390625 0.4625 0.0328125 0.075
0 0.859375 0.478125 0.065625 0.06875
0 0.2078125 0.5703125 0.084375 0.08125
0 0.6671875 0.7015625 0.140625 0.1
0 0.5234375 0.709375 0.034375 0.05
0 0.36796875 0.82734375 0.0484375 0.0515625
0 0.2953125 0.89296875 0.065625 0.0609375
0 0.9453125 0.9546875 0.109375 0.090625