0 0.0265625 0.51640625 0.053125 0.0578125
0 0.06484375 0.7015625 0.1046875 0.10625
0 0.1078125 0.353125 0.0625 0.053125
0 0.1078125 0.30078125 0.034375 0.0484375
0 0.14921875 0.4859375 0.0734375 0.071875
0 0.46171875 0.2515625 0.0546875 0.053125
0 0.4765625 0.14609375 0.065625 0.0640625
0 0.56953125 0.7953125 0.0828125 0.08125
0 0.69921875 0.3375 0.0984375 0.140625
0 0.7078125 0.4796875 0.05 0.034375
0 0.8234375 0.63515625 0.05 0.0515625
0 0.8890625 0.70625 0.0625 0.0625
0 0.95390625 0.05703125 0.0921875 0.1140625