0 0.93828125 0.43671875 0.0578125 0.0578125
0 0.91875 0.5796875 0.096875 0.096875
0 0.9125 0.47109375 0.053125 0.0546875
0 0.81796875 0.34921875 0.0265625 0.0484375
0 0.81484375 0.67734375 0.0546875 0.0546875
0 0.65390625 0.46875 0.0390625 0.034375
0 0.62890625 0.503125 0.0453125 0.046875
0 0.55859375 0.51171875 0.0328125 0.0296875
0 0.5234375 0.6171875 0.05625 0.040625
0 0.425 0.50625 0.078125 0.10625
0 0.41875 0.9046875 0.1125 0.109375
0 0.2765625 0.07109375 0.05625 0.0578125
0 0.2046875 0.265625 0.021875 0.021875
0 0.08125 0.5265625 0.0625 0.065625
0 0.07734375 0.14765625 0.0265625 0.0265625
0 0.0546875 0.33828125 0.109375 0.1265625