0 0.2375 0.078125 0.0625 0.0625
0 0.5265625 0.0828125 0.121875 0.125
0 0.1890625 0.34609375 0.05 0.0546875
0 0.175 0.4390625 0.06875 0.065625
0 0.7890625 0.4875 0.146875 0.165625
0 0.059375 0.49375 0.075 0.075
0 0.6296875 0.5703125 0.06875 0.06875
0 0.1390625 0.65 0.103125 0.103125
0 0.28984375 0.65546875 0.0609375 0.0609375
0 0.6078125 0.65546875 0.05 0.0515625
0 0.484375 0.6890625 0.065625 0.065625
0 0.1734375 0.7640625 0.05 0.071875
0 0.38984375 0.778125 0.0609375 0.059375
0 0.06015625 0.78671875 0.1203125 0.1328125
0 0.6640625 0.9078125 0.071875 0.071875
0 0.61796875 0.98515625 0.0453125 0.0296875