0 0.0125 0.7375 0.025 0.05
0 0.08671875 0.171875 0.0640625 0.059375
0 0.17890625 0.4890625 0.0796875 0.14375
0 0.18203125 0.06171875 0.0546875 0.0421875
0 0.25390625 0.01953125 0.0609375 0.0390625
0 0.26640625 0.59140625 0.0515625 0.0453125
0 0.303125 0.70859375 0.103125 0.1421875
0 0.3375 0.415625 0.08125 0.06875
0 0.40234375 0.50546875 0.0640625 0.0546875
0 0.42421875 0.64296875 0.0515625 0.1015625
0 0.4328125 0.2109375 0.046875 0.040625
0 0.50703125 0.59140625 0.0640625 0.0640625
0 0.575 0.284375 0.03125 0.040625
0 0.60078125 0.53515625 0.0390625 0.0421875
0 0.63828125 0.21953125 0.0765625 0.0359375
0 0.66875 0.3734375 0.04375 0.025
0 0.76171875 0.49765625 0.0921875 0.0484375
0 0.853125 0.74921875 0.046875 0.0640625
0 0.9828125 0.84140625 0.034375 0.1015625