0 0.259375 0.01171875 0.05 0.0234375
0 0.8296875 0.0859375 0.059375 0.065625
0 0.509375 0.178125 0.14375 0.08125
0 0.93984375 0.18203125 0.0421875 0.0546875
0 0.98125 0.25390625 0.0375 0.0609375
0 0.40703125 0.26640625 0.0453125 0.0515625
0 0.2890625 0.303125 0.14375 0.103125
0 0.584375 0.3390625 0.06875 0.08125
0 0.49296875 0.403125 0.0546875 0.065625
0 0.3546875 0.42578125 0.103125 0.0515625
0 0.7890625 0.434375 0.040625 0.046875
0 0.40625 0.509375 0.065625 0.065625
0 0.715625 0.578125 0.040625 0.03125
0 0.46328125 0.60390625 0.0421875 0.0390625
0 0.78046875 0.640625 0.0359375 0.078125
0 0.6265625 0.671875 0.025 0.04375
0 0.50078125 0.765625 0.0484375 0.09375
0 0.2484375 0.8578125 0.065625 0.046875
0 0.1546875 0.98515625 0.103125 0.0296875