0 0.18515625 0.40078125 0.0765625 0.0765625
0 0.18515625 0.59921875 0.0703125 0.0890625
0 0.2 0.06875 0.06875 0.06875
0 0.21484375 0.33984375 0.0484375 0.0484375
0 0.30078125 0.5203125 0.0609375 0.059375
0 0.33515625 0.9171875 0.0953125 0.096875
0 0.3890625 0.39609375 0.059375 0.0515625
0 0.41796875 0.11484375 0.0734375 0.0734375
0 0.48671875 0.85546875 0.0515625 0.0765625
0 0.50234375 0.95390625 0.0984375 0.0921875
0 0.59609375 0.4859375 0.0921875 0.090625
0 0.6296875 0.128125 0.096875 0.096875
0 0.65859375 0.5 0.0359375 0.065625
0 0.68515625 0.71484375 0.1171875 0.1265625
0 0.784375 0.87265625 0.0625 0.0609375
0 0.8390625 0.6328125 0.053125 0.059375
0 0.88203125 0.4421875 0.0859375 0.084375