0 0.9203125 0.2390625 0.075 0.053125
0 0.91484375 0.52578125 0.1296875 0.1140625
0 0.65390625 0.190625 0.0546875 0.05
0 0.5609375 0.17734375 0.065625 0.0671875
0 0.5125 0.7875 0.165625 0.146875
0 0.50703125 0.0625 0.0703125 0.078125
0 0.43046875 0.628125 0.0703125 0.065625
0 0.3515625 0.140625 0.096875 0.10625
0 0.34609375 0.29140625 0.0640625 0.0578125
0 0.34609375 0.60625 0.0453125 0.05625
0 0.31171875 0.48515625 0.0671875 0.0640625
0 0.2375 0.175 0.071875 0.05
0 0.22265625 0.390625 0.0515625 0.06875
0 0.21328125 0.0578125 0.1484375 0.115625
0 0.0953125 0.6625 0.065625 0.078125
0 0.01015625 0.6171875 0.0203125 0.06875