0 0.06796875 0.56796875 0.0515625 0.0671875
0 0.0859375 0.4234375 0.090625 0.1
0 0.09375 0.53203125 0.053125 0.0546875
0 0.18828125 0.65546875 0.0390625 0.0359375
0 0.1921875 0.32734375 0.05625 0.0515625
0 0.35234375 0.534375 0.0390625 0.034375
0 0.37734375 0.5 0.0390625 0.053125
0 0.44609375 0.49140625 0.0265625 0.0359375
0 0.48046875 0.38671875 0.0484375 0.0484375
0 0.58125 0.4984375 0.090625 0.09375
0 0.5859375 0.1 0.121875 0.1
0 0.728125 0.93359375 0.059375 0.0546875
0 0.8 0.7375 0.021875 0.021875
0 0.925 0.4765625 0.065625 0.065625
0 0.9296875 0.85703125 0.025 0.0265625
0 0.94765625 0.66484375 0.1046875 0.1265625