0 0.921875 0.240625 0.075 0.053125
0 0.915625 0.5296875 0.13125 0.115625
0 0.65390625 0.1921875 0.0515625 0.053125
0 0.559375 0.178125 0.065625 0.06875
0 0.5109375 0.7921875 0.15625 0.15625
0 0.50625 0.0640625 0.075 0.075
0 0.428125 0.6328125 0.06875 0.06875
0 0.3484375 0.1421875 0.103125 0.103125
0 0.34453125 0.29296875 0.0609375 0.0609375
0 0.34453125 0.6109375 0.0453125 0.05625
0 0.309375 0.4875 0.065625 0.065625
0 0.234375 0.1765625 0.071875 0.05
0 0.2203125 0.39296875 0.059375 0.0609375
0 0.21171875 0.06171875 0.1328125 0.1234375
0 0.0921875 0.6671875 0.065625 0.078125
0 0.0140625 0.62109375 0.028125 0.0453125