0 0.59921875 0.18515625 0.0765625 0.0765625
0 0.40078125 0.18515625 0.0890625 0.0703125
0 0.93125 0.20078125 0.0625 0.0765625
0 0.66015625 0.21484375 0.0453125 0.0515625
0 0.48046875 0.30078125 0.0640625 0.0546875
0 0.0828125 0.33515625 0.084375 0.1078125
0 0.60390625 0.3890625 0.0515625 0.059375
0 0.8859375 0.41796875 0.06875 0.0765625
0 0.14453125 0.48671875 0.0765625 0.0515625
0 0.04296875 0.503125 0.0859375 0.1125
0 0.5140625 0.5953125 0.08125 0.103125
0 0.871875 0.6296875 0.090625 0.103125
0 0.5 0.65859375 0.065625 0.0359375
0 0.28515625 0.68515625 0.1265625 0.1171875
0 0.1265625 0.784375 0.059375 0.0625
0 0.3671875 0.83984375 0.059375 0.0515625
0 0.5578125 0.88203125 0.078125 0.0921875