0 0.2390625 0.0796875 0.053125 0.075
0 0.52578125 0.08515625 0.1140625 0.1296875
0 0.190625 0.34609375 0.053125 0.0515625
0 0.17734375 0.4390625 0.0671875 0.065625
0 0.7875 0.4875 0.15625 0.15625
0 0.0625 0.49296875 0.075 0.0734375
0 0.628125 0.56953125 0.06875 0.0671875
0 0.14140625 0.64921875 0.1015625 0.1015625
0 0.29140625 0.65390625 0.0609375 0.0609375
0 0.60625 0.65390625 0.05625 0.0453125
0 0.484375 0.6875 0.065625 0.065625
0 0.175 0.7625 0.05 0.071875
0 0.38984375 0.7765625 0.0609375 0.059375
0 0.06171875 0.7859375 0.1234375 0.13125
0 0.6625 0.9046875 0.078125 0.065625
0 0.61640625 0.98359375 0.0453125 0.0328125