0 0.2390625 0.0796875 0.053125 0.075
0 0.52578125 0.08515625 0.1140625 0.1296875
0 0.190625 0.34609375 0.05 0.0546875
0 0.17734375 0.4390625 0.0671875 0.065625
0 0.7875 0.4875 0.146875 0.165625
0 0.0625 0.49296875 0.078125 0.0703125
0 0.628125 0.56953125 0.065625 0.0703125
0 0.140625 0.6484375 0.10625 0.096875
0 0.29140625 0.65390625 0.0578125 0.0640625
0 0.60625 0.65390625 0.05625 0.0453125
0 0.48515625 0.68828125 0.0640625 0.0671875
0 0.175 0.7625 0.05 0.071875
0 0.390625 0.77734375 0.06875 0.0515625
0 0.0578125 0.78671875 0.115625 0.1484375
0 0.6625 0.9046875 0.078125 0.065625
0 0.6171875 0.98984375 0.06875 0.0203125