0 0.93359375 0.43671875 0.0578125 0.0578125
0 0.9140625 0.5796875 0.096875 0.096875
0 0.9078125 0.47109375 0.053125 0.0546875
0 0.81171875 0.34921875 0.0265625 0.0484375
0 0.80859375 0.67734375 0.0546875 0.0546875
0 0.64921875 0.46875 0.0390625 0.034375
0 0.62421875 0.503125 0.0453125 0.046875
0 0.55390625 0.51171875 0.0328125 0.0296875
0 0.51875 0.6171875 0.05625 0.040625
0 0.4203125 0.50625 0.078125 0.10625
0 0.4140625 0.9046875 0.1125 0.109375
0 0.271875 0.07109375 0.05625 0.0578125
0 0.2 0.265625 0.021875 0.021875
0 0.0765625 0.5265625 0.0625 0.065625
0 0.07265625 0.14765625 0.0265625 0.0265625
0 0.05234375 0.33828125 0.1046875 0.1265625