0 0.48359375 0.0265625 0.0578125 0.053125
0 0.2984375 0.06484375 0.10625 0.1046875
0 0.646875 0.1078125 0.053125 0.0625
0 0.69921875 0.1078125 0.0484375 0.034375
0 0.5140625 0.14921875 0.071875 0.0734375
0 0.7484375 0.46171875 0.053125 0.0546875
0 0.85390625 0.4765625 0.0640625 0.065625
0 0.2046875 0.56953125 0.08125 0.0828125
0 0.6625 0.69921875 0.140625 0.0984375
0 0.5203125 0.7078125 0.034375 0.05
0 0.36484375 0.8234375 0.0515625 0.05
0 0.29375 0.8890625 0.0625 0.0625
0 0.94296875 0.95390625 0.1140625 0.0921875