0 0.9734375 0.48359375 0.053125 0.0578125
0 0.93515625 0.2984375 0.1046875 0.10625
0 0.8921875 0.646875 0.059375 0.05625
0 0.89140625 0.69921875 0.0421875 0.0421875
0 0.85078125 0.5140625 0.0734375 0.071875
0 0.53828125 0.7484375 0.0734375 0.034375
0 0.5234375 0.85390625 0.065625 0.0640625
0 0.43046875 0.2046875 0.0828125 0.08125
0 0.30078125 0.6625 0.1203125 0.11875
0 0.2921875 0.5203125 0.040625 0.04375
0 0.1765625 0.36484375 0.05 0.0515625
0 0.1109375 0.29375 0.0625 0.0625
0 0.04609375 0.94296875 0.0921875 0.1140625