0 0.97421875 0.48515625 0.0515625 0.0640625
0 0.93515625 0.2984375 0.1203125 0.090625
0 0.8921875 0.646875 0.0625 0.053125
0 0.89140625 0.69921875 0.0359375 0.0484375
0 0.85078125 0.51328125 0.0421875 0.1015625
0 0.53828125 0.74921875 0.0734375 0.0328125
0 0.52265625 0.85390625 0.0671875 0.0640625
0 0.43046875 0.20546875 0.0796875 0.0828125
0 0.30078125 0.6625 0.0984375 0.140625
0 0.2921875 0.5203125 0.05 0.034375
0 0.17578125 0.36484375 0.0515625 0.0484375
0 0.11015625 0.29375 0.0609375 0.065625
0 0.04609375 0.94296875 0.0921875 0.1140625