0 0.0453125 0.2140625 0.090625 0.103125
0 0.03984375 0.38359375 0.0609375 0.0609375
0 0.11796875 0.69921875 0.0578125 0.0578125
0 0.30078125 0.575 0.0546875 0.034375
0 0.4015625 0.3515625 0.05625 0.0375
0 0.409375 0.475 0.06875 0.071875
0 0.4375 0.1859375 0.096875 0.096875
0 0.6671875 0.63984375 0.0625 0.0609375
0 0.7109375 0.44765625 0.04375 0.0421875
0 0.8015625 0.0796875 0.121875 0.11875
0 0.80625 0.43125 0.053125 0.053125
0 0.878125 0.68671875 0.084375 0.0859375
0 0.88984375 0.5 0.0578125 0.059375
0 0.953125 0.48984375 0.040625 0.0390625
0 0.95625 0.009375 0.071875 0.01875