0 0.7875 0.03828125 0.125 0.0765625
0 0.61875 0.0375 0.059375 0.065625
0 0.30078125 0.1140625 0.0453125 0.071875
0 0.4265625 0.29765625 0.034375 0.0546875
0 0.65 0.3984375 0.0375 0.05625
0 0.525 0.40625 0.065625 0.075
0 0.815625 0.434375 0.109375 0.084375
0 0.36171875 0.6625 0.0578125 0.06875
0 0.553125 0.70859375 0.05 0.0359375
0 0.921875 0.7984375 0.103125 0.1375
0 0.5703125 0.803125 0.05 0.05625
0 0.3140625 0.875 0.08125 0.0875
0 0.5 0.8859375 0.040625 0.078125
0 0.51015625 0.95078125 0.0453125 0.0359375
0 0.990625 0.953125 0.01875 0.071875