0 0.9671875 0.75859375 0.065625 0.0921875
0 0.91640625 0.50625 0.0453125 0.065625
0 0.83046875 0.44921875 0.0453125 0.0453125
0 0.809375 0.27109375 0.078125 0.0453125
0 0.65625 0.3765625 0.090625 0.128125
0 0.6140625 0.428125 0.05 0.075
0 0.609375 0.546875 0.0625 0.046875
0 0.52578125 0.5078125 0.0421875 0.040625
0 0.46796875 0.4421875 0.0453125 0.05625
0 0.4578125 0.24765625 0.071875 0.0453125
0 0.2671875 0.3609375 0.053125 0.034375
0 0.23828125 0.64375 0.0546875 0.0875
0 0.0921875 0.578125 0.05625 0.040625
0 0.07421875 0.66875 0.0578125 0.0875