0 0.75625 0.0328125 0.090625 0.065625
0 0.50390625 0.08359375 0.0640625 0.0453125
0 0.44765625 0.16953125 0.0453125 0.0453125
0 0.27109375 0.18984375 0.0453125 0.0765625
0 0.37578125 0.34140625 0.1265625 0.0890625
0 0.4265625 0.384375 0.075 0.05
0 0.5453125 0.3890625 0.046875 0.0625
0 0.50625 0.47109375 0.040625 0.0421875
0 0.440625 0.52890625 0.05625 0.0453125
0 0.24765625 0.5390625 0.0453125 0.071875
0 0.359375 0.728125 0.034375 0.053125
0 0.640625 0.75703125 0.0875 0.0546875
0 0.575 0.903125 0.040625 0.05625
0 0.665625 0.92109375 0.0875 0.0578125