0 0.77109375 0.02265625 0.0734375 0.0453125
0 0.89296875 0.24765625 0.0453125 0.0671875
0 0.721875 0.3078125 0.059375 0.05625
0 0.75859375 0.428125 0.0515625 0.06875
0 0.12578125 0.43359375 0.0515625 0.0640625
0 0.46484375 0.4640625 0.0421875 0.05625
0 0.31953125 0.5125 0.0484375 0.071875
0 0.06328125 0.51875 0.0546875 0.053125
0 0.04453125 0.65625 0.0640625 0.08125
0 0.97578125 0.6625 0.0484375 0.071875
0 0.52265625 0.8046875 0.0546875 0.0625
0 0.65625 0.8953125 0.06875 0.04375
0 0.440625 0.953125 0.08125 0.053125
0 0.15625 0.96484375 0.053125 0.0671875