0 0.78515625 0.040625 0.1234375 0.08125
0 0.615625 0.04140625 0.059375 0.0640625
0 0.30078125 0.11796875 0.0453125 0.0703125
0 0.425 0.30078125 0.034375 0.0546875
0 0.646875 0.4 0.0375 0.05625
0 0.5234375 0.4078125 0.065625 0.075
0 0.8109375 0.4359375 0.109375 0.084375
0 0.36015625 0.66328125 0.0578125 0.0671875
0 0.5515625 0.70859375 0.05 0.0359375
0 0.9171875 0.79765625 0.103125 0.1359375
0 0.5671875 0.803125 0.05 0.05625
0 0.3125 0.8734375 0.08125 0.0875
0 0.4984375 0.88515625 0.040625 0.0765625
0 0.50859375 0.94921875 0.0453125 0.0359375
0 0.98828125 0.9515625 0.0234375 0.071875