0 0.96015625 0.784375 0.0796875 0.125
0 0.9609375 0.615625 0.065625 0.059375
0 0.8828125 0.29765625 0.071875 0.0453125
0 0.69921875 0.4234375 0.0546875 0.034375
0 0.6 0.646875 0.05625 0.0375
0 0.5921875 0.521875 0.075 0.065625
0 0.5640625 0.8109375 0.084375 0.109375
0 0.334375 0.35859375 0.06875 0.0578125
0 0.28828125 0.55 0.0359375 0.05
0 0.2 0.91875 0.1375 0.103125
0 0.19375 0.5671875 0.05625 0.05
0 0.1234375 0.309375 0.0875 0.08125
0 0.1109375 0.496875 0.078125 0.040625
0 0.04609375 0.50703125 0.0359375 0.0453125
0 0.04375 0.9890625 0.071875 0.021875