0 0.03203125 0.24140625 0.0640625 0.0921875
0 0.08359375 0.49453125 0.0546875 0.0546875
0 0.16875 0.5515625 0.04375 0.04375
0 0.1890625 0.72890625 0.078125 0.0453125
0 0.3421875 0.6234375 0.090625 0.128125
0 0.3859375 0.5734375 0.0625 0.0625
0 0.390625 0.453125 0.05625 0.05625
0 0.47265625 0.4921875 0.0421875 0.040625
0 0.5296875 0.5578125 0.05 0.05
0 0.540625 0.75234375 0.059375 0.0578125
0 0.73125 0.640625 0.04375 0.04375
0 0.7609375 0.3578125 0.071875 0.071875
0 0.90703125 0.42265625 0.0484375 0.0484375
0 0.925 0.3328125 0.075 0.075