0 0.03125 0.23984375 0.0625 0.0921875
0 0.08203125 0.49375 0.0453125 0.065625
0 0.16796875 0.54921875 0.0453125 0.0453125
0 0.1890625 0.72734375 0.078125 0.0453125
0 0.340625 0.621875 0.090625 0.128125
0 0.384375 0.571875 0.05 0.075
0 0.3890625 0.4515625 0.0625 0.046875
0 0.47109375 0.490625 0.0421875 0.040625
0 0.52890625 0.55625 0.0453125 0.05625
0 0.5390625 0.75078125 0.071875 0.0453125
0 0.7296875 0.6390625 0.053125 0.034375
0 0.75859375 0.35625 0.0546875 0.0875
0 0.90625 0.421875 0.05625 0.040625
0 0.92421875 0.33125 0.0578125 0.0875