0 0.95390625 0.78359375 0.0921875 0.1015625
0 0.95859375 0.61484375 0.0609375 0.0609375
0 0.88203125 0.30078125 0.0578125 0.0578125
0 0.69921875 0.425 0.0453125 0.04375
0 0.6 0.646875 0.046875 0.046875
0 0.5921875 0.5234375 0.06875 0.071875
0 0.5640625 0.8109375 0.096875 0.096875
0 0.33671875 0.36015625 0.0671875 0.0578125
0 0.2921875 0.55078125 0.04375 0.0421875
0 0.20234375 0.9171875 0.1203125 0.11875
0 0.196875 0.5671875 0.05625 0.05
0 0.1265625 0.3125 0.0875 0.08125
0 0.11484375 0.4984375 0.0765625 0.040625
0 0.0515625 0.50859375 0.040625 0.0390625
0 0.05 0.98203125 0.046875 0.0359375