0 0.9546875 0.7875 0.090625 0.103125
0 0.96015625 0.61953125 0.0609375 0.0609375
0 0.88359375 0.30234375 0.0578125 0.0578125
0 0.69921875 0.428125 0.0453125 0.04375
0 0.6 0.6515625 0.046875 0.046875
0 0.5921875 0.5265625 0.06875 0.071875
0 0.5640625 0.8171875 0.096875 0.096875
0 0.334375 0.36328125 0.06875 0.0578125
0 0.2890625 0.55390625 0.04375 0.0421875
0 0.2 0.9234375 0.121875 0.11875
0 0.19375 0.571875 0.05625 0.05
0 0.1234375 0.315625 0.0875 0.08125
0 0.1109375 0.5015625 0.078125 0.040625
0 0.046875 0.51171875 0.040625 0.0390625
0 0.0453125 0.98515625 0.046875 0.0296875