0 0.78359375 0.04609375 0.1015625 0.0921875
0 0.61484375 0.04140625 0.0609375 0.0609375
0 0.30078125 0.11796875 0.0578125 0.0578125
0 0.425 0.30078125 0.034375 0.0546875
0 0.646875 0.4 0.0375 0.05625
0 0.5234375 0.4078125 0.071875 0.06875
0 0.8109375 0.4359375 0.096875 0.096875
0 0.36015625 0.6640625 0.0609375 0.0625
0 0.55078125 0.7078125 0.0421875 0.04375
0 0.9171875 0.79765625 0.11875 0.1203125
0 0.5671875 0.803125 0.053125 0.053125
0 0.3125 0.8734375 0.084375 0.084375
0 0.4984375 0.88515625 0.059375 0.0578125
0 0.50859375 0.9484375 0.0390625 0.040625
0 0.98828125 0.9515625 0.0234375 0.071875