0 0.025 0.225 0.05 0.059375
0 0.246875 0.103125 0.06875 0.046875
0 0.30703125 0.27265625 0.0578125 0.0578125
0 0.4296875 0.23671875 0.059375 0.0609375
0 0.43515625 0.87421875 0.0578125 0.0578125
0 0.465625 0.53203125 0.05 0.0484375
0 0.5140625 0.67890625 0.059375 0.0609375
0 0.5203125 0.9375 0.05625 0.053125
0 0.659375 0.95625 0.071875 0.071875
0 0.66484375 0.02421875 0.0609375 0.0484375
0 0.8078125 0.47421875 0.0625 0.0546875
0 0.9 0.340625 0.05625 0.05625
0 0.9578125 0.55625 0.053125 0.08125
0 0.9671875 0.84375 0.065625 0.053125