0 0.38828125 0.0953125 0.0390625 0.040625
0 0.44765625 0.178125 0.0484375 0.03125
0 0.140625 0.21015625 0.059375 0.0640625
0 0.51328125 0.315625 0.0421875 0.04375
0 0.825 0.38515625 0.08125 0.0828125
0 0.6875 0.47421875 0.053125 0.0484375
0 0.76640625 0.5234375 0.0296875 0.034375
0 0.4859375 0.59453125 0.0375 0.0421875
0 0.340625 0.7078125 0.06875 0.05625
0 0.0828125 0.790625 0.053125 0.075
0 0.61953125 0.83828125 0.0546875 0.0546875
0 0.140625 0.86953125 0.0625 0.0640625
0 0.075 0.87734375 0.046875 0.0453125
0 0.5015625 0.8953125 0.05 0.05
0 0.40078125 0.9546875 0.0796875 0.078125
0 0.9484375 0.97421875 0.06875 0.0515625