0 0.90625 0.38671875 0.0375 0.0421875
0 0.8234375 0.44609375 0.03125 0.0484375
0 0.790625 0.1375 0.065625 0.059375
0 0.68359375 0.51171875 0.0515625 0.0359375
0 0.6140625 0.8265625 0.103125 0.0625
0 0.52421875 0.6875 0.0484375 0.053125
0 0.47421875 0.76640625 0.0359375 0.0296875
0 0.40390625 0.484375 0.0421875 0.0375
0 0.2890625 0.3390625 0.05625 0.06875
0 0.20625 0.0796875 0.078125 0.053125
0 0.15859375 0.6203125 0.0484375 0.059375
0 0.1265625 0.1375 0.078125 0.05
0 0.11875 0.07265625 0.046875 0.0453125
0 0.1015625 0.5 0.040625 0.059375
0 0.04375 0.39765625 0.0875 0.0671875
0 0.01484375 0.94921875 0.0296875 0.1015625