0 0.98984375 0.8171875 0.0203125 0.059375
0 0.9328125 0.13046875 0.05 0.0609375
0 0.86953125 0.11953125 0.0765625 0.0734375
0 0.840625 0.36015625 0.05 0.0453125
0 0.74609375 0.24375 0.0640625 0.0625
0 0.74453125 0.48125 0.0515625 0.0625
0 0.73046875 0.653125 0.0953125 0.096875
0 0.684375 0.36953125 0.128125 0.0640625
0 0.6578125 0.6875 0.03125 0.04375
0 0.6203125 0.84609375 0.053125 0.0390625
0 0.53515625 0.0875 0.0359375 0.0375
0 0.5328125 0.21484375 0.046875 0.0296875
0 0.44296875 0.3296875 0.0578125 0.071875
0 0.34609375 0.584375 0.0265625 0.03125
0 0.33828125 0.6609375 0.0390625 0.0375
0 0.29296875 0.1515625 0.1546875 0.1375
0 0.19765625 0.575 0.0484375 0.05
0 0.0234375 0.4453125 0.046875 0.1
0 0.01484375 0.61796875 0.0296875 0.0546875