0 0.01875 0.45703125 0.03125 0.0484375
0 0.0953125 0.74765625 0.046875 0.0546875
0 0.11015625 0.20234375 0.0671875 0.0921875
0 0.12734375 0.965625 0.0421875 0.05
0 0.16953125 0.60390625 0.0359375 0.0234375
0 0.19921875 0.5140625 0.0328125 0.04375
0 0.228125 0.74609375 0.071875 0.0609375
0 0.2390625 0.146875 0.05625 0.053125
0 0.259375 0.5734375 0.0375 0.0375
0 0.2953125 0.859375 0.065625 0.05
0 0.32578125 0.0921875 0.1328125 0.065625
0 0.36171875 0.58671875 0.0984375 0.0734375
0 0.4921875 0.81640625 0.0625 0.0640625
0 0.52109375 0.45625 0.0546875 0.025
0 0.52734375 0.146875 0.0421875 0.053125
0 0.62734375 0.96796875 0.1203125 0.0640625
0 0.67734375 0.02734375 0.0421875 0.0546875
0 0.7171875 0.39375 0.053125 0.040625
0 0.73203125 0.85859375 0.0921875 0.0828125
0 0.75 0.2453125 0.128125 0.140625
0 0.78671875 0.40859375 0.0453125 0.0359375
0 0.884375 0.76328125 0.065625 0.0828125