0 0.940625 0.471875 0.065625 0.1
0 0.7671875 0.42890625 0.03125 0.0296875
0 0.753125 0.278125 0.084375 0.084375
0 0.74453125 0.98671875 0.0328125 0.0265625
0 0.740625 0.67421875 0.05 0.0359375
0 0.6875 0.7703125 0.059375 0.059375
0 0.6765625 0.7078125 0.053125 0.053125
0 0.63046875 0.63046875 0.0390625 0.0390625
0 0.596875 0.74375 0.059375 0.059375
0 0.58515625 0.48359375 0.0421875 0.0421875
0 0.57421875 0.01171875 0.0328125 0.0234375
0 0.52578125 0.41484375 0.0859375 0.0859375
0 0.375 0.0546875 0.090625 0.090625
0 0.34609375 0.359375 0.1171875 0.10625
0 0.31328125 0.67890625 0.0484375 0.0484375
0 0.2921875 0.7703125 0.05 0.05
0 0.27578125 0.80234375 0.0453125 0.0453125
0 0.2203125 0.6171875 0.05625 0.071875