0 0.0546875 0.5265625 0.08125 0.08125
0 0.2296875 0.57109375 0.03125 0.0296875
0 0.24375 0.721875 0.084375 0.084375
0 0.25234375 0.0109375 0.0328125 0.021875
0 0.25625 0.32421875 0.04375 0.0421875
0 0.309375 0.2265625 0.059375 0.059375
0 0.321875 0.2890625 0.053125 0.053125
0 0.36796875 0.36796875 0.0390625 0.0390625
0 0.4015625 0.253125 0.059375 0.059375
0 0.41328125 0.51484375 0.0421875 0.0421875
0 0.42421875 0.99375 0.0515625 0.0125
0 0.4734375 0.584375 0.0875 0.0875
0 0.625 0.94765625 0.090625 0.0921875
0 0.653125 0.640625 0.1125 0.1125
0 0.68671875 0.31953125 0.0609375 0.0359375
0 0.7078125 0.2265625 0.05 0.05
0 0.72421875 0.19453125 0.0453125 0.0453125
0 0.7796875 0.38125 0.065625 0.065625