0 0.8234375 0.009375 0.059375 0.01875
0 0.13203125 0.0671875 0.0546875 0.05625
0 0.1203125 0.1296875 0.075 0.078125
0 0.3625 0.159375 0.046875 0.046875
0 0.2453125 0.2546875 0.0625 0.065625
0 0.484375 0.2546875 0.05625 0.05625
0 0.6578125 0.2703125 0.096875 0.096875
0 0.371875 0.3171875 0.0625 0.128125
0 0.6921875 0.34375 0.04375 0.03125
0 0.85234375 0.38125 0.0390625 0.053125
0 0.0890625 0.46640625 0.0375 0.0359375
0 0.21640625 0.46875 0.0296875 0.046875
0 0.3328125 0.559375 0.065625 0.065625
0 0.5890625 0.65703125 0.028125 0.0296875
0 0.665625 0.66484375 0.0375 0.0390625
0 0.153125 0.7109375 0.1375 0.15625
0 0.5796875 0.80546875 0.05 0.0484375
0 0.4484375 0.97890625 0.1 0.0421875
0 0.62109375 0.984375 0.0421875 0.03125