0 0.98984375 0.821875 0.0203125 0.059375
0 0.9328125 0.13046875 0.05625 0.0546875
0 0.86875 0.11875 0.078125 0.075
0 0.840625 0.3609375 0.046875 0.046875
0 0.7453125 0.24375 0.065625 0.0625
0 0.74375 0.4828125 0.05625 0.05625
0 0.7296875 0.65625 0.096875 0.096875
0 0.6828125 0.3703125 0.128125 0.0625
0 0.65625 0.690625 0.03125 0.04375
0 0.61875 0.85078125 0.053125 0.0390625
0 0.53203125 0.0875 0.0359375 0.0375
0 0.5296875 0.21484375 0.046875 0.0296875
0 0.440625 0.33125 0.065625 0.065625
0 0.34296875 0.5875 0.0296875 0.028125
0 0.33515625 0.6640625 0.0390625 0.0375
0 0.2890625 0.1515625 0.15625 0.1375
0 0.19296875 0.578125 0.0484375 0.05
0 0.0203125 0.446875 0.040625 0.1
0 0.01484375 0.61953125 0.0296875 0.0421875