0 0.98203125 0.54375 0.0359375 0.040625
0 0.90625 0.25234375 0.05 0.0515625
0 0.890625 0.8015625 0.06875 0.09375
0 0.87421875 0.0328125 0.0453125 0.046875
0 0.8328125 0.39765625 0.0375 0.0234375
0 0.80078125 0.4875 0.0390625 0.0375
0 0.7734375 0.2546875 0.06875 0.06875
0 0.76015625 0.8578125 0.0546875 0.053125
0 0.740625 0.428125 0.0375 0.0375
0 0.7046875 0.14140625 0.05625 0.0578125
0 0.675 0.91171875 0.13125 0.0671875
0 0.6375 0.4140625 0.0875 0.0875
0 0.50625 0.1828125 0.0625 0.065625
0 0.47734375 0.5453125 0.0390625 0.040625
0 0.47109375 0.8578125 0.0421875 0.053125
0 0.371875 0.03828125 0.09375 0.0765625
0 0.32109375 0.9765625 0.0484375 0.046875
0 0.2796875 0.609375 0.053125 0.040625
0 0.265625 0.140625 0.0875 0.0875
0 0.246875 0.7578125 0.134375 0.134375
0 0.209375 0.59453125 0.040625 0.0390625
0 0.1125 0.2359375 0.075 0.075