0 0.8171875 0.01015625 0.059375 0.0203125
0 0.13046875 0.0671875 0.0609375 0.05
0 0.11953125 0.13046875 0.0734375 0.0765625
0 0.36015625 0.159375 0.0453125 0.05
0 0.24375 0.25390625 0.0625 0.0640625
0 0.48125 0.25546875 0.0625 0.0515625
0 0.653125 0.26953125 0.096875 0.0953125
0 0.36953125 0.315625 0.0640625 0.128125
0 0.6875 0.3421875 0.04375 0.03125
0 0.84609375 0.3796875 0.0390625 0.053125
0 0.0875 0.46484375 0.0375 0.0359375
0 0.21484375 0.4671875 0.0296875 0.046875
0 0.3296875 0.55703125 0.071875 0.0578125
0 0.584375 0.65390625 0.03125 0.0265625
0 0.6609375 0.66171875 0.0375 0.0390625
0 0.1515625 0.70703125 0.1375 0.1546875
0 0.575 0.80234375 0.05 0.0484375
0 0.4453125 0.9765625 0.1 0.046875
0 0.61796875 0.98515625 0.0546875 0.0296875