0 0.95625 0.35078125 0.071875 0.0703125
0 0.74296875 0.734375 0.0984375 0.096875
0 0.5328125 0.31640625 0.096875 0.0984375
0 0.528125 0.1265625 0.09375 0.115625
0 0.43515625 0.80703125 0.0484375 0.0484375
0 0.4125 0.71796875 0.065625 0.0671875
0 0.3328125 0.9671875 0.08125 0.065625
0 0.228125 0.2 0.0625 0.05
0 0.1328125 0.55625 0.065625 0.065625
0 0.11328125 0.40546875 0.0703125 0.0796875
0 0.09765625 0.97578125 0.0546875 0.0484375
0 0.07109375 0.62890625 0.1046875 0.1046875
0 0.0125 0.3640625 0.025 0.0375