0 0.35078125 0.04375 0.0703125 0.071875
0 0.734375 0.25703125 0.096875 0.0984375
0 0.3171875 0.4671875 0.0875 0.109375
0 0.1265625 0.471875 0.10625 0.10625
0 0.80703125 0.56484375 0.0484375 0.0484375
0 0.71796875 0.5875 0.0671875 0.065625
0 0.9671875 0.6671875 0.065625 0.08125
0 0.2 0.771875 0.05625 0.05625
0 0.55625 0.8671875 0.065625 0.065625
0 0.40546875 0.88671875 0.0796875 0.0703125
0 0.97578125 0.90234375 0.0484375 0.0546875
0 0.62890625 0.92890625 0.1046875 0.1046875
0 0.3640625 0.9875 0.0375 0.025