0 0.471875 0.059375 0.08125 0.08125
0 0.42890625 0.2328125 0.0296875 0.03125
0 0.278125 0.246875 0.084375 0.084375
0 0.98671875 0.25546875 0.0265625 0.0328125
0 0.67421875 0.259375 0.0421875 0.04375
0 0.7703125 0.3125 0.059375 0.059375
0 0.7078125 0.3234375 0.053125 0.053125
0 0.63046875 0.36953125 0.0390625 0.0390625
0 0.74375 0.403125 0.059375 0.059375
0 0.48359375 0.41484375 0.0421875 0.0421875
0 0.00703125 0.42578125 0.0140625 0.0515625
0 0.41484375 0.47421875 0.0859375 0.0859375
0 0.0546875 0.625 0.090625 0.090625
0 0.359375 0.65390625 0.1125 0.1109375
0 0.67890625 0.68671875 0.0359375 0.0609375
0 0.7703125 0.7078125 0.05 0.05
0 0.80234375 0.72421875 0.0453125 0.0453125
0 0.6171875 0.77890625 0.065625 0.0640625