0 0.54296875 0.01875 0.0484375 0.03125
0 0.25234375 0.0953125 0.0515625 0.05
0 0.79765625 0.11015625 0.0796875 0.0796875
0 0.034375 0.12734375 0.05 0.0421875
0 0.39609375 0.16953125 0.0296875 0.0296875
0 0.4859375 0.19921875 0.0375 0.0390625
0 0.25390625 0.22734375 0.0671875 0.0671875
0 0.853125 0.2390625 0.053125 0.05625
0 0.4265625 0.259375 0.0375 0.0375
0 0.140625 0.2953125 0.05 0.065625
0 0.9078125 0.325 0.1 0.1
0 0.41328125 0.36171875 0.0859375 0.0859375
0 0.18359375 0.4921875 0.0640625 0.0625
0 0.54375 0.52109375 0.025 0.0546875
0 0.853125 0.52734375 0.046875 0.0484375
0 0.0390625 0.6265625 0.078125 0.09375
0 0.97265625 0.67734375 0.0484375 0.0484375
0 0.60625 0.7171875 0.040625 0.053125
0 0.140625 0.73125 0.0875 0.0875
0 0.7546875 0.75 0.140625 0.128125
0 0.59140625 0.78671875 0.0359375 0.0453125
0 0.2359375 0.884375 0.075 0.075