0 0.95625 0.35078125 0.065625 0.0765625
0 0.74296875 0.734375 0.1015625 0.09375
0 0.53203125 0.3171875 0.1078125 0.0875
0 0.528125 0.1265625 0.09375 0.115625
0 0.434375 0.8078125 0.05625 0.040625
0 0.4125 0.7171875 0.075 0.059375
0 0.33203125 0.97578125 0.1140625 0.0484375
0 0.22734375 0.2 0.0609375 0.05
0 0.1328125 0.55625 0.0625 0.06875
0 0.11328125 0.40546875 0.0703125 0.0796875
0 0.09609375 0.9796875 0.0671875 0.040625
0 0.0703125 0.62890625 0.096875 0.1109375
0 0.00546875 0.36484375 0.0109375 0.0640625