0 0.4734375 0.05625 0.1 0.065625
0 0.43046875 0.23125 0.0296875 0.03125
0 0.278125 0.2453125 0.084375 0.084375
0 0.9890625 0.25390625 0.021875 0.0328125
0 0.67734375 0.2578125 0.0359375 0.05
0 0.7734375 0.3109375 0.059375 0.059375
0 0.7109375 0.3234375 0.053125 0.053125
0 0.63359375 0.36953125 0.0390625 0.0390625
0 0.746875 0.403125 0.059375 0.059375
0 0.48515625 0.41484375 0.0421875 0.0421875
0 0.0109375 0.42578125 0.021875 0.0328125
0 0.415625 0.475 0.0875 0.0875
0 0.053125 0.6265625 0.090625 0.090625
0 0.3609375 0.6546875 0.10625 0.11875
0 0.68203125 0.68828125 0.0484375 0.0484375
0 0.7734375 0.709375 0.05 0.05
0 0.80546875 0.72578125 0.0453125 0.0453125
0 0.6203125 0.78125 0.071875 0.05625