0 0.98125 0.54453125 0.03125 0.0484375
0 0.9046875 0.25234375 0.05 0.0515625
0 0.8890625 0.8015625 0.08125 0.08125
0 0.87265625 0.0328125 0.0421875 0.05
0 0.83046875 0.39765625 0.0296875 0.0296875
0 0.79921875 0.4875 0.0390625 0.0375
0 0.771875 0.2546875 0.06875 0.06875
0 0.759375 0.8578125 0.05625 0.053125
0 0.7390625 0.428125 0.0375 0.0375
0 0.703125 0.140625 0.065625 0.05
0 0.6734375 0.9125 0.1 0.1
0 0.6359375 0.4140625 0.0875 0.0875
0 0.5046875 0.1828125 0.0625 0.065625
0 0.47578125 0.5453125 0.0546875 0.025
0 0.46953125 0.8578125 0.0484375 0.046875
0 0.3703125 0.03828125 0.09375 0.0765625
0 0.31953125 0.9765625 0.0484375 0.046875
0 0.278125 0.609375 0.053125 0.040625
0 0.2640625 0.140625 0.0875 0.0875
0 0.2453125 0.7578125 0.128125 0.140625
0 0.20859375 0.59453125 0.0453125 0.0359375
0 0.1109375 0.2359375 0.075 0.075