0 0.9421875 0.4703125 0.065625 0.1
0 0.7671875 0.42734375 0.0375 0.0234375
0 0.753125 0.275 0.08125 0.0875
0 0.74375 0.99140625 0.05 0.0171875
0 0.73984375 0.67421875 0.0515625 0.0359375
0 0.6875 0.7703125 0.0625 0.05625
0 0.67734375 0.70703125 0.0609375 0.0453125
0 0.63046875 0.63046875 0.0390625 0.0390625
0 0.596875 0.74375 0.065625 0.053125
0 0.58515625 0.48203125 0.0421875 0.0421875
0 0.57421875 0.0046875 0.0515625 0.009375
0 0.525 0.4125 0.096875 0.078125
0 0.3734375 0.05 0.1 0.08125
0 0.34375 0.3578125 0.11875 0.10625
0 0.31015625 0.67890625 0.0609375 0.0359375
0 0.2890625 0.7703125 0.053125 0.046875
0 0.27265625 0.80234375 0.0453125 0.0453125
0 0.2171875 0.6171875 0.05625 0.075