0 0.471875 0.059375 0.1 0.065625
0 0.42890625 0.2328125 0.0234375 0.0375
0 0.278125 0.246875 0.0875 0.08125
0 0.990625 0.25625 0.01875 0.05
0 0.67421875 0.26015625 0.0359375 0.0515625
0 0.7703125 0.3125 0.05625 0.0625
0 0.70703125 0.32265625 0.0453125 0.0609375
0 0.63046875 0.36953125 0.0390625 0.0390625
0 0.74375 0.403125 0.053125 0.065625
0 0.48359375 0.41484375 0.0421875 0.0421875
0 0.00703125 0.42578125 0.0140625 0.0515625
0 0.41484375 0.47421875 0.0765625 0.0953125
0 0.0546875 0.625 0.08125 0.1
0 0.359375 0.65390625 0.10625 0.1171875
0 0.67890625 0.68671875 0.0359375 0.0609375
0 0.7703125 0.7078125 0.046875 0.053125
0 0.80234375 0.72421875 0.0453125 0.0453125
0 0.61796875 0.7796875 0.0734375 0.05625