0 0.4734375 0.0578125 0.08125 0.08125
0 0.43046875 0.2328125 0.0296875 0.03125
0 0.278125 0.246875 0.084375 0.084375
0 0.9890625 0.25546875 0.021875 0.0328125
0 0.67734375 0.259375 0.0421875 0.04375
0 0.7734375 0.3140625 0.059375 0.059375
0 0.7109375 0.325 0.053125 0.053125
0 0.63359375 0.37109375 0.0390625 0.0390625
0 0.746875 0.4046875 0.059375 0.059375
0 0.48515625 0.41640625 0.0421875 0.0421875
0 0.00625 0.42734375 0.0125 0.0515625
0 0.415625 0.4765625 0.0875 0.0875
0 0.053125 0.628125 0.090625 0.090625
0 0.3609375 0.65625 0.1125 0.1125
0 0.68203125 0.68984375 0.0359375 0.0609375
0 0.7734375 0.7109375 0.05 0.05
0 0.80546875 0.72734375 0.0453125 0.0453125
0 0.6203125 0.7828125 0.065625 0.065625