0 0.98515625 0.54296875 0.0296875 0.0484375
0 0.909375 0.25078125 0.046875 0.0546875
0 0.89375 0.8 0.06875 0.09375
0 0.87734375 0.03125 0.0421875 0.05
0 0.83515625 0.39609375 0.0359375 0.0234375
0 0.80390625 0.4859375 0.0328125 0.04375
0 0.775 0.25234375 0.071875 0.0609375
0 0.7640625 0.85625 0.05625 0.053125
0 0.74375 0.4265625 0.0375 0.0375
0 0.7078125 0.1390625 0.065625 0.05
0 0.6765625 0.91015625 0.134375 0.0671875
0 0.640625 0.4125 0.1 0.075
0 0.509375 0.18125 0.0625 0.065625
0 0.48046875 0.54375 0.0546875 0.025
0 0.47421875 0.85625 0.0421875 0.053125
0 0.3734375 0.03046875 0.121875 0.0609375
0 0.32421875 0.97421875 0.0421875 0.0515625
0 0.2828125 0.6078125 0.053125 0.040625
0 0.26875 0.1390625 0.09375 0.084375
0 0.25 0.75625 0.128125 0.140625
0 0.21328125 0.59296875 0.0453125 0.0359375
0 0.115625 0.2359375 0.065625 0.084375