0 0.54296875 0.0171875 0.0484375 0.03125
0 0.25078125 0.0953125 0.0515625 0.05
0 0.8 0.109375 0.08125 0.08125
0 0.03125 0.12734375 0.05 0.0421875
0 0.39609375 0.16953125 0.0296875 0.0296875
0 0.4859375 0.19921875 0.0375 0.0390625
0 0.253125 0.228125 0.06875 0.06875
0 0.85625 0.2390625 0.053125 0.05625
0 0.4265625 0.259375 0.0375 0.0375
0 0.1390625 0.2953125 0.05 0.065625
0 0.9109375 0.3265625 0.1 0.1
0 0.4125 0.3625 0.0875 0.0875
0 0.18125 0.49375 0.065625 0.0625
0 0.54375 0.52265625 0.025 0.0546875
0 0.85625 0.52890625 0.046875 0.0484375
0 0.0375 0.628125 0.075 0.09375
0 0.97578125 0.68046875 0.0484375 0.0484375
0 0.6078125 0.7203125 0.040625 0.053125
0 0.1390625 0.734375 0.0875 0.0875
0 0.75625 0.753125 0.140625 0.128125
0 0.59296875 0.78984375 0.0359375 0.0453125
0 0.234375 0.8890625 0.075 0.075