0 0.009375 0.178125 0.01875 0.059375
0 0.0671875 0.86953125 0.05 0.0609375
0 0.1296875 0.8796875 0.078125 0.075
0 0.159375 0.63828125 0.05 0.0453125
0 0.2546875 0.7546875 0.065625 0.0625
0 0.25546875 0.515625 0.0515625 0.0625
0 0.2703125 0.34375 0.096875 0.096875
0 0.3171875 0.628125 0.128125 0.065625
0 0.34375 0.3078125 0.03125 0.04375
0 0.38125 0.14921875 0.053125 0.0390625
0 0.46640625 0.9125 0.0359375 0.0375
0 0.46875 0.78359375 0.046875 0.0296875
0 0.55859375 0.66875 0.0578125 0.071875
0 0.65703125 0.4125 0.0265625 0.03125
0 0.66484375 0.3359375 0.0390625 0.0375
0 0.7109375 0.8484375 0.15625 0.1375
0 0.80546875 0.421875 0.0484375 0.05
0 0.97890625 0.5515625 0.0421875 0.1
0 0.9875 0.37890625 0.025 0.0546875