0 0.0078125 0.46171875 0.015625 0.0546875
0 0.0265625 0.28671875 0.053125 0.0515625
0 0.1578125 0.65625 0.028125 0.03125
0 0.19453125 0.0703125 0.0546875 0.053125
0 0.2203125 0.55625 0.071875 0.075
0 0.3015625 0.525 0.06875 0.071875
0 0.31171875 0.30390625 0.0359375 0.0453125
0 0.3265625 0.2578125 0.05625 0.05625
0 0.4625 0.22734375 0.05625 0.0578125
0 0.465625 0.565625 0.084375 0.084375
0 0.55 0.9203125 0.10625 0.109375
0 0.55 0.39375 0.1125 0.1125
0 0.56484375 0.83671875 0.0453125 0.0453125
0 0.5875 0.4640625 0.065625 0.06875
0 0.6234375 0.653125 0.05 0.05
0 0.653125 0.7578125 0.078125 0.08125
0 0.696875 0.32890625 0.046875 0.0484375
0 0.7609375 0.26484375 0.05625 0.0546875
0 0.7796875 0.55625 0.090625 0.090625
0 0.9015625 0.5234375 0.090625 0.090625