0 0.49765625 0.27734375 0.0703125 0.0828125
0 0.81015625 0.2890625 0.0921875 0.075
0 0.64921875 0.2953125 0.0453125 0.05625
0 0.08046875 0.321875 0.0578125 0.08125
0 0.23125 0.32265625 0.05 0.0734375
0 0.32734375 0.33515625 0.0515625 0.0359375
0 0.59609375 0.39296875 0.0453125 0.0671875
0 0.7265625 0.44140625 0.021875 0.0421875
0 0.990625 0.44921875 0.01875 0.0546875
0 0.2890625 0.459375 0.028125 0.046875
0 0.7953125 0.4828125 0.034375 0.046875
0 0.459375 0.55234375 0.0875 0.0609375
0 0.2890625 0.81328125 0.06875 0.0671875
0 0.88046875 0.89921875 0.0296875 0.0359375
0 0.034375 0.9171875 0.06875 0.103125
0 0.7 0.9875 0.05 0.025