0 0.72265625 0.49765625 0.0828125 0.0703125
0 0.7109375 0.81015625 0.075 0.0921875
0 0.7046875 0.64921875 0.05625 0.0453125
0 0.678125 0.08046875 0.08125 0.0578125
0 0.67734375 0.23125 0.0734375 0.05
0 0.66484375 0.32734375 0.0359375 0.0515625
0 0.60703125 0.59609375 0.0671875 0.0453125
0 0.55859375 0.7265625 0.0421875 0.021875
0 0.55078125 0.990625 0.0546875 0.01875
0 0.540625 0.2890625 0.046875 0.028125
0 0.5171875 0.7953125 0.046875 0.034375
0 0.44765625 0.459375 0.0609375 0.0875
0 0.18671875 0.2890625 0.0671875 0.06875
0 0.10078125 0.88046875 0.0359375 0.0296875
0 0.0828125 0.034375 0.103125 0.06875
0 0.0125 0.7 0.025 0.05