0 0.98984375 0.53671875 0.0203125 0.0546875
0 0.96875 0.71171875 0.053125 0.0515625
0 0.8390625 0.34375 0.03125 0.03125
0 0.80078125 0.9296875 0.0546875 0.053125
0 0.775 0.44375 0.065625 0.08125
0 0.69375 0.475 0.06875 0.071875
0 0.68359375 0.69453125 0.0359375 0.0453125
0 0.6703125 0.740625 0.0625 0.046875
0 0.5328125 0.7703125 0.065625 0.05
0 0.53125 0.4328125 0.084375 0.084375
0 0.4453125 0.078125 0.10625 0.109375
0 0.4453125 0.60625 0.10625 0.11875
0 0.43203125 0.16328125 0.0453125 0.0453125
0 0.409375 0.53515625 0.075 0.0578125
0 0.3734375 0.346875 0.05 0.05
0 0.34375 0.2421875 0.0625 0.096875
0 0.2984375 0.67109375 0.046875 0.0484375
0 0.234375 0.73359375 0.05625 0.0546875
0 0.215625 0.4421875 0.090625 0.090625
0 0.0953125 0.475 0.090625 0.090625