0 0.7265625 0.5 0.078125 0.078125
0 0.7140625 0.81328125 0.075 0.0953125
0 0.7078125 0.6515625 0.05625 0.046875
0 0.68125 0.0796875 0.071875 0.071875
0 0.68046875 0.23125 0.0609375 0.0625
0 0.66796875 0.32890625 0.0359375 0.0515625
0 0.609375 0.6 0.05625 0.05625
0 0.56015625 0.7296875 0.0328125 0.03125
0 0.553125 0.98828125 0.0375 0.0234375
0 0.5421875 0.2890625 0.0375 0.0375
0 0.51875 0.7984375 0.040625 0.040625
0 0.45 0.4609375 0.075 0.075
0 0.1859375 0.2890625 0.06875 0.06875
0 0.10078125 0.88515625 0.0359375 0.0296875
0 0.08359375 0.0375 0.0859375 0.075
0 0.01171875 0.703125 0.0234375 0.05