0 0.98984375 0.53671875 0.0203125 0.0546875
0 0.96796875 0.7109375 0.0453125 0.059375
0 0.8390625 0.34453125 0.028125 0.0328125
0 0.8015625 0.9296875 0.05625 0.053125
0 0.775 0.44375 0.065625 0.08125
0 0.69375 0.475 0.04375 0.096875
0 0.68359375 0.69453125 0.0359375 0.0453125
0 0.6703125 0.740625 0.0625 0.046875
0 0.5328125 0.7703125 0.065625 0.05
0 0.53125 0.4328125 0.08125 0.0875
0 0.4453125 0.078125 0.11875 0.096875
0 0.4453125 0.60625 0.10625 0.11875
0 0.43125 0.16328125 0.05625 0.0359375
0 0.409375 0.53515625 0.075 0.0578125
0 0.3734375 0.34765625 0.05625 0.0453125
0 0.34296875 0.2421875 0.0609375 0.096875
0 0.2984375 0.67109375 0.059375 0.0359375
0 0.23359375 0.7328125 0.0609375 0.05
0 0.215625 0.44375 0.096875 0.084375
0 0.0953125 0.475 0.071875 0.109375