0 0.49765625 0.27734375 0.0765625 0.0765625
0 0.809375 0.2890625 0.09375 0.075
0 0.6484375 0.2953125 0.046875 0.05625
0 0.08046875 0.32109375 0.0703125 0.0703125
0 0.23125 0.32265625 0.0625 0.0609375
0 0.32734375 0.33515625 0.0515625 0.0359375
0 0.596875 0.39375 0.05625 0.05625
0 0.7265625 0.44140625 0.03125 0.0328125
0 0.9859375 0.4484375 0.028125 0.0375
0 0.2890625 0.459375 0.0375 0.0375
0 0.7953125 0.4828125 0.040625 0.040625
0 0.45859375 0.5515625 0.0734375 0.075
0 0.28828125 0.81328125 0.0671875 0.0671875
0 0.88046875 0.89921875 0.0296875 0.0359375
0 0.03828125 0.91640625 0.0765625 0.0859375
0 0.7 0.9875 0.05 0.025