0 0.53671875 0.01015625 0.0546875 0.0203125
0 0.71015625 0.03125 0.0515625 0.053125
0 0.34375 0.1609375 0.03125 0.028125
0 0.9265625 0.19765625 0.053125 0.0546875
0 0.44296875 0.2234375 0.0734375 0.071875
0 0.47421875 0.3046875 0.0703125 0.06875
0 0.69296875 0.31484375 0.0453125 0.0359375
0 0.7390625 0.328125 0.05625 0.05625
0 0.76953125 0.4640625 0.0578125 0.05625
0 0.43359375 0.46640625 0.0828125 0.0828125
0 0.08046875 0.5515625 0.1078125 0.10625
0 0.6046875 0.5515625 0.1125 0.1125
0 0.16484375 0.56484375 0.0453125 0.0453125
0 0.53515625 0.5875 0.0671875 0.065625
0 0.346875 0.6234375 0.05 0.05
0 0.24296875 0.653125 0.0796875 0.078125
0 0.66953125 0.696875 0.0484375 0.046875
0 0.73203125 0.7609375 0.0546875 0.05625
0 0.4421875 0.7796875 0.090625 0.090625
0 0.475 0.9 0.090625 0.090625