0 0.98984375 0.53671875 0.0203125 0.0546875
0 0.96796875 0.709375 0.0453125 0.059375
0 0.8390625 0.34453125 0.028125 0.0328125
0 0.803125 0.9265625 0.05625 0.053125
0 0.7765625 0.44296875 0.065625 0.0796875
0 0.6953125 0.47421875 0.04375 0.0953125
0 0.68515625 0.69296875 0.0359375 0.0453125
0 0.671875 0.7390625 0.0625 0.046875
0 0.5359375 0.76875 0.065625 0.05
0 0.53359375 0.43359375 0.0796875 0.0859375
0 0.4484375 0.08046875 0.11875 0.0953125
0 0.4484375 0.6046875 0.10625 0.11875
0 0.434375 0.16484375 0.05625 0.0359375
0 0.4125 0.53515625 0.075 0.0578125
0 0.3765625 0.34765625 0.05625 0.0453125
0 0.34609375 0.24375 0.0609375 0.096875
0 0.303125 0.66953125 0.059375 0.0359375
0 0.23828125 0.73125 0.0609375 0.05
0 0.2203125 0.44296875 0.096875 0.0828125
0 0.1 0.475 0.071875 0.109375