0 0.53671875 0.01015625 0.0546875 0.0203125
0 0.709375 0.03203125 0.059375 0.0453125
0 0.34453125 0.1609375 0.0328125 0.028125
0 0.9265625 0.196875 0.053125 0.05625
0 0.44296875 0.2234375 0.0796875 0.065625
0 0.47421875 0.3046875 0.0953125 0.04375
0 0.69296875 0.31484375 0.0453125 0.0359375
0 0.7390625 0.328125 0.046875 0.0625
0 0.76875 0.4640625 0.05 0.065625
0 0.43359375 0.46640625 0.0859375 0.0796875
0 0.08046875 0.5515625 0.0953125 0.11875
0 0.6046875 0.5515625 0.11875 0.10625
0 0.16484375 0.565625 0.0359375 0.05625
0 0.53515625 0.5875 0.0578125 0.075
0 0.34765625 0.6234375 0.0453125 0.05625
0 0.24375 0.65390625 0.096875 0.0609375
0 0.66953125 0.696875 0.0359375 0.059375
0 0.73125 0.76171875 0.05 0.0609375
0 0.44296875 0.7796875 0.0828125 0.096875
0 0.475 0.9 0.109375 0.071875