0 0.45625 0.059375 0.065625 0.065625
0 0.5640625 0.0984375 0.08125 0.084375
0 0.5390625 0.196875 0.025 0.025
0 0.784375 0.2421875 0.059375 0.059375
0 0.37734375 0.25546875 0.0234375 0.0359375
0 0.2515625 0.27421875 0.034375 0.0328125
0 0.8078125 0.3265625 0.028125 0.01875
0 0.00390625 0.36640625 0.0078125 0.0421875
0 0.1640625 0.3828125 0.025 0.059375
0 0.0546875 0.44140625 0.05625 0.0578125
0 0.44375 0.446875 0.1125 0.1125
0 0.9375 0.4859375 0.05625 0.115625
0 0.58671875 0.5359375 0.0234375 0.025
0 0.76171875 0.56953125 0.0171875 0.0203125
0 0.7171875 0.5859375 0.0375 0.0375
0 0.8390625 0.63359375 0.0125 0.0140625
0 0.20625 0.67421875 0.01875 0.0203125
0 0.5046875 0.67578125 0.021875 0.0234375
0 0.153125 0.6875 0.0375 0.040625
0 0.740625 0.73203125 0.01875 0.0171875
0 0.20859375 0.74140625 0.0296875 0.0296875
0 0.72265625 0.76171875 0.0234375 0.0234375
0 0.6359375 0.77578125 0.021875 0.0234375
0 0.8515625 0.7875 0.075 0.075
0 0.99296875 0.821875 0.0109375 0.009375
0 0.02265625 0.825 0.0453125 0.0875
0 0.465625 0.91640625 0.015625 0.0234375
0 0.6875 0.934375 0.034375 0.034375
0 0.55078125 0.959375 0.0140625 0.0125