0 0.05859375 0.54296875 0.0640625 0.0640625
0 0.09765625 0.4359375 0.0828125 0.08125
0 0.1953125 0.459375 0.025 0.025
0 0.240625 0.215625 0.059375 0.059375
0 0.25390625 0.62109375 0.0359375 0.0234375
0 0.27265625 0.7453125 0.0328125 0.034375
0 0.3234375 0.1921875 0.01875 0.028125
0 0.36328125 0.99375 0.0421875 0.0125
0 0.3796875 0.8328125 0.059375 0.025
0 0.43828125 0.940625 0.0578125 0.05625
0 0.44375 0.5546875 0.1125 0.1125
0 0.4828125 0.0640625 0.115625 0.05625
0 0.5328125 0.41328125 0.025 0.0234375
0 0.56484375 0.23828125 0.0203125 0.0171875
0 0.58125 0.2828125 0.0375 0.0375
0 0.62890625 0.1625 0.0140625 0.0125
0 0.66953125 0.790625 0.0203125 0.01875
0 0.67109375 0.49375 0.0234375 0.021875
0 0.6828125 0.84375 0.040625 0.0375
0 0.72734375 0.259375 0.0171875 0.01875
0 0.73671875 0.78828125 0.0296875 0.0296875
0 0.75703125 0.27734375 0.0234375 0.0234375
0 0.77109375 0.3640625 0.0234375 0.021875
0 0.7828125 0.14921875 0.075 0.0734375
0 0.815625 0.00859375 0.009375 0.0109375
0 0.81875 0.975 0.0875 0.05
0 0.91015625 0.5328125 0.0234375 0.015625
0 0.928125 0.3125 0.034375 0.034375
0 0.953125 0.44765625 0.0125 0.0140625