0 0.45703125 0.05859375 0.0640625 0.0640625
0 0.5640625 0.09765625 0.08125 0.0828125
0 0.540625 0.1953125 0.025 0.025
0 0.784375 0.240625 0.059375 0.059375
0 0.37890625 0.25390625 0.0234375 0.0359375
0 0.2546875 0.27265625 0.034375 0.0328125
0 0.8078125 0.3234375 0.028125 0.01875
0 0.00625 0.36328125 0.0125 0.0421875
0 0.1671875 0.3796875 0.025 0.059375
0 0.059375 0.43828125 0.05625 0.0578125
0 0.4453125 0.44375 0.1125 0.1125
0 0.9359375 0.4828125 0.05625 0.115625
0 0.58671875 0.5328125 0.0234375 0.025
0 0.76171875 0.56484375 0.0171875 0.0203125
0 0.7171875 0.58125 0.0375 0.0375
0 0.8375 0.62890625 0.0125 0.0140625
0 0.209375 0.66953125 0.01875 0.0203125
0 0.50625 0.67109375 0.021875 0.0234375
0 0.15625 0.6828125 0.0375 0.040625
0 0.740625 0.72734375 0.01875 0.0171875
0 0.21171875 0.73671875 0.0296875 0.0296875
0 0.72265625 0.75703125 0.0234375 0.0234375
0 0.6359375 0.77109375 0.021875 0.0234375
0 0.85078125 0.7828125 0.0734375 0.075
0 0.99140625 0.815625 0.0109375 0.009375
0 0.025 0.81875 0.05 0.0875
0 0.4671875 0.91015625 0.015625 0.0234375
0 0.6875 0.928125 0.034375 0.034375
0 0.55234375 0.953125 0.0140625 0.0125