0 0.78046875 0.0328125 0.1546875 0.065625
0 0.040625 0.34296875 0.053125 0.0546875
0 0.3375 0.45625 0.04375 0.04375
0 0.4125 0.45859375 0.01875 0.0234375
0 0.91015625 0.484375 0.0703125 0.071875
0 0.71953125 0.5046875 0.0703125 0.06875
0 0.5140625 0.51171875 0.028125 0.0296875
0 0.6421875 0.5546875 0.03125 0.03125
0 0.50625 0.58671875 0.06875 0.0671875
0 0.6140625 0.5875 0.034375 0.034375
0 0.25625 0.63515625 0.1 0.1015625
0 0.6515625 0.64609375 0.040625 0.0390625
0 0.69453125 0.65078125 0.0234375 0.0328125
0 0.609375 0.72734375 0.046875 0.0609375
0 0.71953125 0.796875 0.0640625 0.09375