0 0.04375 0.22109375 0.0875 0.1109375
0 0.34609375 0.9640625 0.0546875 0.053125
0 0.459375 0.665625 0.04375 0.04375
0 0.46171875 0.590625 0.0234375 0.01875
0 0.4875 0.0890625 0.065625 0.078125
0 0.5078125 0.28125 0.065625 0.075
0 0.5140625 0.4875 0.025 0.034375
0 0.5578125 0.359375 0.03125 0.03125
0 0.590625 0.4953125 0.06875 0.06875
0 0.5921875 0.3875 0.028125 0.0375
0 0.6390625 0.746875 0.103125 0.1
0 0.65078125 0.35 0.0390625 0.040625
0 0.65546875 0.3046875 0.0296875 0.028125
0 0.73203125 0.3921875 0.0609375 0.046875
0 0.8015625 0.28125 0.09375 0.065625