0 0.78046875 0.0328125 0.1546875 0.065625
0 0.040625 0.34375 0.0625 0.046875
0 0.3375 0.45703125 0.05 0.0359375
0 0.4125 0.45859375 0.01875 0.0234375
0 0.91015625 0.484375 0.0765625 0.065625
0 0.71953125 0.5046875 0.0734375 0.065625
0 0.51484375 0.5109375 0.0328125 0.025
0 0.6421875 0.55546875 0.028125 0.0359375
0 0.50625 0.58671875 0.040625 0.0953125
0 0.6140625 0.5875 0.0375 0.028125
0 0.25625 0.63515625 0.1 0.1015625
0 0.6515625 0.6453125 0.0375 0.040625
0 0.69453125 0.65078125 0.0234375 0.0328125
0 0.609375 0.72734375 0.046875 0.0609375
0 0.71953125 0.79765625 0.0640625 0.0921875