0 0.03125 0.2203125 0.0625 0.15625
0 0.34375 0.9640625 0.046875 0.0625
0 0.45703125 0.665625 0.0359375 0.05
0 0.45859375 0.590625 0.0234375 0.01875
0 0.484375 0.0890625 0.065625 0.078125
0 0.5046875 0.28125 0.065625 0.075
0 0.5109375 0.48671875 0.025 0.0328125
0 0.55546875 0.359375 0.0359375 0.028125
0 0.5875 0.4953125 0.096875 0.040625
0 0.5890625 0.3875 0.028125 0.0375
0 0.6359375 0.746875 0.103125 0.1
0 0.646875 0.35 0.040625 0.0375
0 0.65234375 0.30546875 0.0328125 0.0234375
0 0.72890625 0.3921875 0.0609375 0.046875
0 0.8 0.28125 0.09375 0.065625