0 0.7828125 0.03203125 0.15625 0.0640625
0 0.0390625 0.34453125 0.053125 0.0546875
0 0.3390625 0.4578125 0.04375 0.04375
0 0.4140625 0.46015625 0.01875 0.0234375
0 0.9140625 0.4859375 0.071875 0.071875
0 0.7234375 0.50625 0.071875 0.06875
0 0.515625 0.51328125 0.028125 0.0296875
0 0.6453125 0.55625 0.03125 0.03125
0 0.5078125 0.5890625 0.06875 0.06875
0 0.6171875 0.590625 0.034375 0.034375
0 0.25625 0.6375 0.1 0.103125
0 0.6546875 0.64921875 0.040625 0.0390625
0 0.69765625 0.65390625 0.0234375 0.0328125
0 0.6125 0.73046875 0.046875 0.0609375
0 0.7234375 0.8 0.065625 0.09375