0 0.50546875 0.02421875 0.0578125 0.0484375
0 0.521875 0.17890625 0.040625 0.0421875
0 0.40703125 0.3140625 0.0390625 0.0375
0 0.85 0.3359375 0.103125 0.13125
0 0.21015625 0.3546875 0.0453125 0.046875
0 0.484375 0.425 0.084375 0.084375
0 0.62578125 0.4375 0.0390625 0.05625
0 0.24296875 0.484375 0.0515625 0.046875
0 0.64609375 0.7484375 0.0546875 0.05625
0 0.775 0.803125 0.06875 0.071875
0 0.27421875 0.89765625 0.0515625 0.0515625
0 0.3671875 0.9 0.04375 0.053125
0 0.809375 0.97421875 0.059375 0.0515625
0 0.9734375 0.97265625 0.053125 0.0546875