0 0.50703125 0.025 0.0578125 0.05
0 0.5234375 0.17890625 0.040625 0.0421875
0 0.4078125 0.3125 0.028125 0.05
0 0.84921875 0.33515625 0.1015625 0.1296875
0 0.21328125 0.35390625 0.0484375 0.0453125
0 0.4859375 0.42421875 0.084375 0.0828125
0 0.62578125 0.4359375 0.0390625 0.05625
0 0.24609375 0.48359375 0.0515625 0.0453125
0 0.64609375 0.7453125 0.0359375 0.075
0 0.775 0.79921875 0.075 0.0640625
0 0.27734375 0.89296875 0.0421875 0.0609375
0 0.36953125 0.89609375 0.0453125 0.0515625
0 0.81015625 0.975 0.0703125 0.05
0 0.97265625 0.9703125 0.0546875 0.059375