0 0.025 0.49296875 0.05 0.0578125
0 0.17890625 0.4765625 0.0421875 0.040625
0 0.3125 0.5921875 0.05 0.028125
0 0.33515625 0.15078125 0.1296875 0.1015625
0 0.35390625 0.78671875 0.0453125 0.0484375
0 0.42421875 0.5140625 0.0828125 0.084375
0 0.4359375 0.37421875 0.05625 0.0390625
0 0.48359375 0.75390625 0.0453125 0.0515625
0 0.7453125 0.35390625 0.075 0.0359375
0 0.79921875 0.225 0.0640625 0.075
0 0.89296875 0.72265625 0.0609375 0.0421875
0 0.89609375 0.63046875 0.0515625 0.0453125
0 0.975 0.18984375 0.05 0.0703125
0 0.9703125 0.02734375 0.059375 0.0546875