0 0.025 0.49140625 0.05 0.0578125
0 0.18046875 0.475 0.0421875 0.040625
0 0.315625 0.59140625 0.0375 0.0390625
0 0.3375 0.146875 0.11875 0.115625
0 0.35625 0.78671875 0.046875 0.0453125
0 0.4265625 0.5125 0.084375 0.084375
0 0.43828125 0.37265625 0.0484375 0.0484375
0 0.48671875 0.75390625 0.0484375 0.0484375
0 0.75 0.35234375 0.075 0.0359375
0 0.8046875 0.221875 0.071875 0.06875
0 0.89921875 0.72265625 0.0515625 0.0515625
0 0.9015625 0.63125 0.053125 0.04375
0 0.975 0.1875 0.05 0.059375
0 0.9734375 0.02578125 0.053125 0.0515625