0 0.15625 0.59296875 0.046875 0.0359375
0 0.021875 0.61796875 0.04375 0.0421875
0 0.5203125 0.428125 0.096875 0.096875
0 0.33125 0.10546875 0.05625 0.0578125
0 0.453125 0.25 0.06875 0.071875
0 0.85625 0.33515625 0.053125 0.0546875
0 0.7328125 0.56875 0.096875 0.096875
0 0.6515625 0.2515625 0.04375 0.04375
0 0.2984375 0.7265625 0.071875 0.06875
0 0.3140625 0.8390625 0.084375 0.084375
0 0.60625 0.7390625 0.053125 0.053125
0 0.61796875 0.8609375 0.0453125 0.04375
0 0.17265625 0.9546875 0.0328125 0.028125