0 0.59296875 0.84375 0.0421875 0.040625
0 0.61796875 0.9765625 0.0421875 0.04375
0 0.43046875 0.48203125 0.0953125 0.0953125
0 0.10859375 0.6703125 0.0578125 0.05625
0 0.253125 0.5484375 0.071875 0.06875
0 0.33671875 0.1484375 0.0484375 0.059375
0 0.56953125 0.27109375 0.0953125 0.0953125
0 0.2546875 0.3515625 0.053125 0.034375
0 0.72578125 0.7015625 0.0703125 0.06875
0 0.83828125 0.6875 0.0578125 0.109375
0 0.7390625 0.396875 0.05625 0.05
0 0.859375 0.38515625 0.04375 0.0453125
0 0.953125 0.82734375 0.03125 0.0296875