0 0.15625 0.59609375 0.046875 0.0359375
0 0.02265625 0.62109375 0.0453125 0.0390625
0 0.5203125 0.43125 0.0875 0.10625
0 0.33125 0.1078125 0.04375 0.071875
0 0.4546875 0.253125 0.103125 0.0375
0 0.85625 0.33828125 0.059375 0.0484375
0 0.7328125 0.571875 0.0875 0.103125
0 0.6515625 0.25546875 0.034375 0.0515625
0 0.2984375 0.7296875 0.071875 0.06875
0 0.3140625 0.84296875 0.109375 0.0578125
0 0.60625 0.7421875 0.05 0.05625
0 0.61796875 0.8640625 0.0453125 0.04375
0 0.17265625 0.9578125 0.0328125 0.028125