0 0.40390625 0.1578125 0.0359375 0.046875
0 0.37890625 0.0234375 0.0421875 0.04375
0 0.5671875 0.521875 0.096875 0.096875
0 0.89140625 0.3328125 0.0578125 0.05625
0 0.7453125 0.4546875 0.071875 0.06875
0 0.66171875 0.8578125 0.0546875 0.053125
0 0.4265625 0.734375 0.096875 0.096875
0 0.74375 0.653125 0.04375 0.04375
0 0.2703125 0.3 0.06875 0.071875
0 0.15625 0.315625 0.084375 0.084375
0 0.25625 0.6078125 0.053125 0.053125
0 0.1359375 0.61953125 0.04375 0.0453125
0 0.040625 0.17421875 0.028125 0.0328125