0 0.09921875 0.50234375 0.1203125 0.1859375
0 0.20234375 0.66328125 0.1015625 0.1015625
0 0.14140625 0.871875 0.0609375 0.059375
0 0.328125 0.79765625 0.096875 0.0953125
0 0.43671875 0.7796875 0.0453125 0.04375
0 0.4671875 0.759375 0.0375 0.0375
0 0.68125 0.6421875 0.034375 0.034375
0 0.88125 0.6046875 0.071875 0.071875
0 0.753125 0.47421875 0.0375 0.0390625
0 0.83359375 0.45390625 0.0484375 0.0484375
0 0.759375 0.9125 0.06875 0.0375
0 0.8390625 0.859375 0.103125 0.0875
0 0.63515625 0.93984375 0.0296875 0.0296875