0 0.5015625 0.0984375 0.153125 0.15625
0 0.3390625 0.203125 0.134375 0.071875
0 0.1296875 0.140625 0.053125 0.06875
0 0.2046875 0.3296875 0.096875 0.096875
0 0.221875 0.43828125 0.046875 0.0421875
0 0.2421875 0.46875 0.034375 0.040625
0 0.3609375 0.684375 0.028125 0.040625
0 0.3984375 0.8859375 0.06875 0.075
0 0.52890625 0.75625 0.0390625 0.0375
0 0.55 0.83828125 0.040625 0.0578125
0 0.0890625 0.7625 0.053125 0.053125
0 0.1421875 0.84375 0.0875 0.103125
0 0.06015625 0.63828125 0.0296875 0.0296875