0 0.0984375 0.5046875 0.121875 0.1875
0 0.203125 0.665625 0.071875 0.134375
0 0.140625 0.8765625 0.06875 0.053125
0 0.3296875 0.8015625 0.08125 0.1125
0 0.43828125 0.7828125 0.0421875 0.046875
0 0.46875 0.7625 0.040625 0.034375
0 0.684375 0.6453125 0.040625 0.028125
0 0.8859375 0.6078125 0.078125 0.06875
0 0.75703125 0.4765625 0.0359375 0.040625
0 0.83828125 0.4546875 0.0578125 0.040625
0 0.7640625 0.9171875 0.06875 0.0375
0 0.84375 0.8640625 0.103125 0.0875
0 0.63828125 0.94453125 0.0296875 0.0296875