0 0.49765625 0.09921875 0.1859375 0.1203125
0 0.33671875 0.203125 0.1328125 0.071875
0 0.128125 0.14140625 0.053125 0.0671875
0 0.20234375 0.328125 0.1109375 0.08125
0 0.2203125 0.43671875 0.046875 0.0421875
0 0.240625 0.4671875 0.034375 0.040625
0 0.3578125 0.68125 0.028125 0.040625
0 0.3953125 0.88203125 0.06875 0.0765625
0 0.525 0.75390625 0.040625 0.0359375
0 0.546875 0.83359375 0.040625 0.0578125
0 0.0875 0.76015625 0.0375 0.0671875
0 0.140625 0.8390625 0.0875 0.103125
0 0.06015625 0.63515625 0.0296875 0.0296875