0 0.49765625 0.09921875 0.1859375 0.1203125
0 0.33671875 0.20234375 0.1015625 0.1015625
0 0.128125 0.14140625 0.059375 0.0609375
0 0.20234375 0.328125 0.0953125 0.096875
0 0.2203125 0.43671875 0.04375 0.0453125
0 0.240625 0.4671875 0.0375 0.0375
0 0.3578125 0.68125 0.034375 0.034375
0 0.3953125 0.88125 0.071875 0.071875
0 0.52578125 0.753125 0.0390625 0.0375
0 0.54609375 0.83359375 0.0484375 0.0484375
0 0.0875 0.759375 0.0375 0.06875
0 0.140625 0.8390625 0.0875 0.103125
0 0.06015625 0.63515625 0.0296875 0.0296875