0 0.16796875 0.00546875 0.0859375 0.0109375
0 0.6359375 0.2203125 0.040625 0.03125
0 0.96953125 0.2953125 0.0484375 0.04375
0 0.52734375 0.30546875 0.0296875 0.0203125
0 0.31171875 0.31875 0.0296875 0.028125
0 0.61953125 0.32109375 0.0296875 0.0359375
0 0.9953125 0.40078125 0.009375 0.0390625
0 0.6828125 0.4125 0.053125 0.04375
0 0.64453125 0.4953125 0.0390625 0.04375
0 0.290625 0.540625 0.025 0.034375
0 0.7296875 0.58984375 0.0375 0.0328125
0 0.59453125 0.6 0.0421875 0.025
0 0.06796875 0.70234375 0.0453125 0.0328125
0 0.9796875 0.890625 0.03125 0.028125
0 0.54140625 0.946875 0.0328125 0.028125
0 0.9703125 0.95390625 0.01875 0.0421875
0 0.2203125 0.9625 0.05 0.040625
0 0.37109375 0.99453125 0.0453125 0.0109375