0 0.1671875 0.01484375 0.046875 0.0296875
0 0.63671875 0.22109375 0.0359375 0.0359375
0 0.96953125 0.2953125 0.0453125 0.046875
0 0.52734375 0.3046875 0.0296875 0.021875
0 0.31171875 0.31875 0.0296875 0.028125
0 0.61953125 0.32109375 0.0296875 0.0359375
0 0.99140625 0.4 0.0171875 0.025
0 0.6828125 0.4125 0.046875 0.046875
0 0.64453125 0.4953125 0.0421875 0.040625
0 0.290625 0.540625 0.03125 0.028125
0 0.7296875 0.58984375 0.0375 0.0328125
0 0.59453125 0.59921875 0.0328125 0.0328125
0 0.06796875 0.70234375 0.0390625 0.0390625
0 0.9796875 0.890625 0.03125 0.028125
0 0.540625 0.946875 0.03125 0.03125
0 0.9703125 0.95390625 0.01875 0.0421875
0 0.21953125 0.96171875 0.0453125 0.0453125
0 0.3703125 0.98984375 0.028125 0.0203125