0 0.01484375 0.8328125 0.0296875 0.046875
0 0.22109375 0.36328125 0.0359375 0.0359375
0 0.2953125 0.03046875 0.046875 0.0453125
0 0.3046875 0.47265625 0.021875 0.0296875
0 0.31875 0.68828125 0.028125 0.0296875
0 0.32109375 0.38046875 0.0359375 0.0296875
0 0.4 0.00859375 0.025 0.0171875
0 0.4125 0.3171875 0.046875 0.046875
0 0.4953125 0.35546875 0.040625 0.0421875
0 0.540625 0.709375 0.028125 0.03125
0 0.58984375 0.2703125 0.0328125 0.0375
0 0.59921875 0.40546875 0.0328125 0.0328125
0 0.70234375 0.93203125 0.0390625 0.0390625
0 0.890625 0.0203125 0.028125 0.03125
0 0.946875 0.459375 0.03125 0.03125
0 0.95390625 0.0296875 0.0421875 0.01875
0 0.96171875 0.78046875 0.0453125 0.0453125
0 0.98984375 0.6296875 0.0203125 0.028125