0 0.1640625 0.01484375 0.046875 0.0296875
0 0.63671875 0.22265625 0.0359375 0.0359375
0 0.97109375 0.296875 0.0484375 0.04375
0 0.52578125 0.30625 0.0296875 0.021875
0 0.30859375 0.321875 0.0296875 0.028125
0 0.61953125 0.32421875 0.0296875 0.0359375
0 0.9921875 0.403125 0.015625 0.025
0 0.6828125 0.415625 0.046875 0.046875
0 0.64453125 0.4984375 0.0421875 0.040625
0 0.2875 0.54375 0.03125 0.028125
0 0.7296875 0.59453125 0.034375 0.0359375
0 0.59453125 0.6046875 0.0421875 0.025
0 0.06484375 0.70703125 0.0390625 0.0390625
0 0.98125 0.896875 0.028125 0.03125
0 0.5390625 0.953125 0.03125 0.03125
0 0.97109375 0.96015625 0.0296875 0.0296875
0 0.21640625 0.96796875 0.0453125 0.0453125
0 0.36875 0.99296875 0.028125 0.0140625