0 0.49375 0.25 0.084375 0.084375
0 0.44140625 0.26328125 0.0421875 0.0421875
0 0.7015625 0.41875 0.05 0.05
0 0.634375 0.490625 0.034375 0.05
0 0.66328125 0.24140625 0.0359375 0.0359375
0 0.21171875 0.96953125 0.0453125 0.0453125
0 0.26328125 0.80546875 0.0515625 0.0515625
0 0.19375 0.615625 0.05625 0.05625
0 0.17421875 0.5859375 0.0484375 0.05
0 0.43046875 0.525 0.0453125 0.04375
0 0.34609375 0.39140625 0.0234375 0.0234375
0 0.359375 0.32734375 0.040625 0.0421875
0 0.2515625 0.2921875 0.053125 0.053125
0 0.00703125 0.79921875 0.0140625 0.0234375
0 0.50546875 0.9171875 0.0390625 0.040625
0 0.58046875 0.93828125 0.0390625 0.0390625
0 0.6421875 0.7140625 0.04375 0.040625