0 0.509375 0.7546875 0.084375 0.084375
0 0.56015625 0.73984375 0.0390625 0.0484375
0 0.3 0.5859375 0.05 0.05
0 0.36875 0.5125 0.034375 0.05
0 0.33984375 0.76171875 0.0359375 0.0359375
0 0.78984375 0.03359375 0.0453125 0.0453125
0 0.73828125 0.19765625 0.0515625 0.0515625
0 0.8078125 0.3890625 0.05625 0.05625
0 0.8296875 0.41875 0.040625 0.05625
0 0.57265625 0.478125 0.0453125 0.04375
0 0.65703125 0.61328125 0.0234375 0.0234375
0 0.64453125 0.67734375 0.0515625 0.0296875
0 0.75 0.7109375 0.046875 0.059375
0 0.99375 0.20390625 0.0125 0.0234375
0 0.49609375 0.0875 0.0390625 0.040625
0 0.421875 0.06640625 0.046875 0.0328125
0 0.3609375 0.28828125 0.04375 0.0421875