0 0.50703125 0.75078125 0.0828125 0.0828125
0 0.55859375 0.73671875 0.0390625 0.0484375
0 0.3 0.5828125 0.05 0.05
0 0.3671875 0.5109375 0.034375 0.05
0 0.33828125 0.75859375 0.0359375 0.0359375
0 0.78671875 0.03515625 0.0453125 0.0453125
0 0.73515625 0.19765625 0.0515625 0.0515625
0 0.8046875 0.3875 0.05625 0.05625
0 0.825 0.4171875 0.040625 0.05625
0 0.56953125 0.4765625 0.0453125 0.04375
0 0.65390625 0.61015625 0.0234375 0.0234375
0 0.64140625 0.67421875 0.0515625 0.0296875
0 0.746875 0.7078125 0.046875 0.059375
0 0.99140625 0.20390625 0.0171875 0.0234375
0 0.49453125 0.0875 0.0390625 0.040625
0 0.4203125 0.06640625 0.046875 0.0328125
0 0.359375 0.28828125 0.04375 0.0421875