0 0.75078125 0.49296875 0.0921875 0.0734375
0 0.73671875 0.44140625 0.0484375 0.0390625
0 0.5828125 0.70078125 0.05 0.0515625
0 0.5109375 0.6328125 0.05 0.034375
0 0.75859375 0.66171875 0.0390625 0.0328125
0 0.03515625 0.21328125 0.0546875 0.0359375
0 0.1984375 0.26484375 0.059375 0.0453125
0 0.38828125 0.1953125 0.0640625 0.05
0 0.4171875 0.175 0.05625 0.040625
0 0.4765625 0.43046875 0.046875 0.0421875
0 0.61015625 0.34609375 0.0203125 0.0265625
0 0.67421875 0.35859375 0.0296875 0.0515625
0 0.7078125 0.253125 0.059375 0.046875
0 0.2046875 0.00703125 0.03125 0.0140625
0 0.0875 0.50625 0.0375 0.040625
0 0.06640625 0.5796875 0.0328125 0.046875
0 0.2890625 0.64140625 0.040625 0.0453125