0 0.50546875 0.8453125 0.0609375 0.0625
0 0.86171875 0.62578125 0.0453125 0.0453125
0 0.2328125 0.4109375 0.021875 0.021875
0 0.1625 0.48359375 0.0375 0.0390625
0 0.32421875 0.68828125 0.0421875 0.0421875
0 0.709375 0.5484375 0.028125 0.03125
0 0.64453125 0.86171875 0.0546875 0.0546875
0 0.15703125 0.01484375 0.0453125 0.0296875
0 0.0828125 0.7125 0.0375 0.0375
0 0.090625 0.98828125 0.04375 0.0234375
0 0.4921875 0.60234375 0.034375 0.0359375
0 0.415625 0.3484375 0.01875 0.025
0 0.52421875 0.4015625 0.0109375 0.0125
0 0.59375 0.29375 0.025 0.025
0 0.621875 0.36328125 0.021875 0.0234375
0 0.7 0.3109375 0.01875 0.021875
0 0.73046875 0.253125 0.0234375 0.025
0 0.76640625 0.3609375 0.0234375 0.021875
0 0.66015625 0.4015625 0.0203125 0.01875
0 0.7546875 0.41484375 0.021875 0.0203125
0 0.709375 0.45 0.03125 0.015625
0 0.51171875 0.49140625 0.0265625 0.0234375
0 0.66796875 0.5328125 0.0328125 0.034375
0 0.61484375 0.5578125 0.0171875 0.015625
0 0.6359375 0.5890625 0.021875 0.015625
0 0.6265625 0.6234375 0.015625 0.01875
0 0.61875 0.65 0.025 0.025
0 0.690625 0.6328125 0.03125 0.03125
0 0.4 0.828125 0.03125 0.03125
0 0.48203125 0.73125 0.0171875 0.01875
0 0.3265625 0.80390625 0.025 0.0265625