0 0.159375 0.50078125 0.0625 0.0609375
0 0.37890625 0.85703125 0.0453125 0.0453125
0 0.59375 0.228125 0.021875 0.021875
0 0.51953125 0.1578125 0.0390625 0.0375
0 0.31640625 0.3203125 0.0453125 0.040625
0 0.45546875 0.70390625 0.0296875 0.0296875
0 0.14296875 0.63984375 0.0546875 0.0546875
0 0.98515625 0.1515625 0.0296875 0.0375
0 0.290625 0.078125 0.0375 0.0375
0 0.01328125 0.0859375 0.0265625 0.04375
0 0.40234375 0.4875 0.0359375 0.034375
0 0.65625 0.4109375 0.021875 0.021875
0 0.603125 0.51953125 0.0125 0.0109375
0 0.709375 0.5890625 0.025 0.025
0 0.64140625 0.6171875 0.0234375 0.021875
0 0.6921875 0.6953125 0.021875 0.01875
0 0.75 0.72578125 0.025 0.0234375
0 0.64375 0.7609375 0.028125 0.01875
0 0.603125 0.65546875 0.01875 0.0203125
0 0.58984375 0.75 0.0203125 0.021875
0 0.553125 0.7046875 0.015625 0.03125
0 0.51171875 0.50703125 0.0234375 0.0234375
0 0.4703125 0.66328125 0.034375 0.0328125
0 0.4453125 0.61015625 0.015625 0.0171875
0 0.415625 0.63125 0.01875 0.01875
0 0.38125 0.621875 0.01875 0.015625
0 0.3546875 0.6140625 0.021875 0.028125
0 0.371875 0.6859375 0.03125 0.03125
0 0.1765625 0.3953125 0.03125 0.03125
0 0.271875 0.47734375 0.0125 0.0234375
0 0.19921875 0.321875 0.0265625 0.025