0 0.159375 0.50234375 0.0625 0.0609375
0 0.37734375 0.85546875 0.0453125 0.0453125
0 0.590625 0.23125 0.021875 0.021875
0 0.51796875 0.1609375 0.0390625 0.0375
0 0.31484375 0.32109375 0.0421875 0.0421875
0 0.453125 0.7046875 0.03125 0.028125
0 0.14296875 0.63984375 0.0546875 0.0546875
0 0.984375 0.15546875 0.03125 0.0453125
0 0.290625 0.08125 0.0375 0.0375
0 0.0140625 0.0890625 0.028125 0.04375
0 0.40078125 0.4890625 0.0359375 0.034375
0 0.653125 0.4125 0.025 0.01875
0 0.6 0.52109375 0.0125 0.0109375
0 0.70625 0.5890625 0.025 0.025
0 0.63828125 0.6171875 0.0234375 0.021875
0 0.6890625 0.6953125 0.021875 0.01875
0 0.746875 0.72578125 0.025 0.0234375
0 0.640625 0.76171875 0.021875 0.0234375
0 0.6 0.65546875 0.01875 0.0203125
0 0.58671875 0.75 0.0203125 0.021875
0 0.5515625 0.7046875 0.015625 0.03125
0 0.51015625 0.50859375 0.0234375 0.0265625
0 0.46875 0.66328125 0.034375 0.0328125
0 0.44375 0.61015625 0.015625 0.0171875
0 0.4140625 0.63125 0.015625 0.021875
0 0.3796875 0.621875 0.01875 0.015625
0 0.353125 0.6140625 0.025 0.025
0 0.3703125 0.6859375 0.03125 0.03125
0 0.1765625 0.396875 0.03125 0.03125
0 0.271875 0.47890625 0.01875 0.0171875
0 0.19921875 0.3234375 0.0265625 0.025