0 0.503125 0.846875 0.06875 0.053125
0 0.86015625 0.62734375 0.0421875 0.0484375
0 0.23125 0.4125 0.015625 0.028125
0 0.1609375 0.48515625 0.04375 0.0328125
0 0.3234375 0.68984375 0.040625 0.0453125
0 0.7078125 0.55 0.028125 0.03125
0 0.64296875 0.8625 0.0328125 0.078125
0 0.15546875 0.015625 0.0453125 0.03125
0 0.08125 0.7140625 0.028125 0.046875
0 0.0890625 0.9984375 0.08125 0.003125
0 0.490625 0.60390625 0.03125 0.0390625
0 0.4140625 0.35 0.01875 0.025
0 0.5234375 0.403125 0.009375 0.0125
0 0.5921875 0.2953125 0.025 0.025
0 0.6203125 0.3640625 0.021875 0.025
0 0.6984375 0.3140625 0.0125 0.028125
0 0.728125 0.2546875 0.01875 0.028125
0 0.7640625 0.3625 0.01875 0.028125
0 0.65859375 0.403125 0.0265625 0.0125
0 0.753125 0.41640625 0.025 0.0171875
0 0.7078125 0.4515625 0.03125 0.015625
0 0.51015625 0.49296875 0.0265625 0.0234375
0 0.66640625 0.534375 0.0328125 0.034375
0 0.61328125 0.559375 0.0171875 0.015625
0 0.634375 0.590625 0.021875 0.015625
0 0.625 0.625 0.015625 0.01875
0 0.6171875 0.6515625 0.028125 0.021875
0 0.6890625 0.634375 0.03125 0.03125
0 0.3984375 0.8296875 0.03125 0.03125
0 0.48046875 0.7328125 0.0234375 0.0125
0 0.325 0.80546875 0.021875 0.0296875