0 0.5015625 0.840625 0.06875 0.053125
0 0.85546875 0.62265625 0.0421875 0.0484375
0 0.23125 0.409375 0.015625 0.028125
0 0.1609375 0.48203125 0.04375 0.0328125
0 0.321875 0.68515625 0.040625 0.0453125
0 0.7046875 0.546875 0.028125 0.03125
0 0.63984375 0.85703125 0.0328125 0.0765625
0 0.15546875 0.015625 0.0453125 0.03125
0 0.08125 0.709375 0.028125 0.046875
0 0.08984375 0.9953125 0.0796875 0.009375
0 0.4890625 0.59921875 0.03125 0.0390625
0 0.4125 0.346875 0.01875 0.025
0 0.521875 0.4 0.009375 0.0125
0 0.5890625 0.29375 0.025 0.025
0 0.6171875 0.3609375 0.021875 0.025
0 0.6953125 0.3109375 0.0125 0.028125
0 0.725 0.253125 0.01875 0.028125
0 0.7609375 0.359375 0.01875 0.028125
0 0.65546875 0.4 0.0265625 0.0125
0 0.75 0.41328125 0.025 0.0171875
0 0.7046875 0.4484375 0.03125 0.015625
0 0.50859375 0.48984375 0.0265625 0.0234375
0 0.66328125 0.53125 0.0328125 0.034375
0 0.61015625 0.55625 0.0171875 0.015625
0 0.63125 0.5859375 0.021875 0.015625
0 0.621875 0.6203125 0.015625 0.01875
0 0.6140625 0.646875 0.028125 0.021875
0 0.6859375 0.6296875 0.03125 0.03125
0 0.396875 0.8234375 0.03125 0.03125
0 0.47890625 0.728125 0.0234375 0.0125
0 0.3234375 0.80078125 0.021875 0.0296875