0 0.06328125 0.0203125 0.0546875 0.040625
0 0.2796875 0.43125 0.028125 0.04375
0 0.27265625 0.284375 0.0421875 0.028125
0 0.46640625 0.3046875 0.0421875 0.059375
0 0.3765625 0.50390625 0.034375 0.0265625
0 0.45625 0.5203125 0.040625 0.03125
0 0.971875 0.240625 0.05625 0.109375
0 0.940625 0.91484375 0.078125 0.0546875
0 0.98828125 0.8609375 0.0234375 0.046875
0 0.9125 0.05234375 0.053125 0.0421875
0 0.67734375 0.446875 0.0359375 0.028125
0 0.59296875 0.20703125 0.0828125 0.0296875
0 0.51015625 0.4140625 0.0359375 0.028125
0 0.49765625 0.38046875 0.0421875 0.0296875
0 0.5203125 0.32578125 0.04375 0.0203125
0 0.6796875 0.32109375 0.04375 0.0265625
0 0.0875 0.53046875 0.028125 0.0578125