0 0.06328125 0.0203125 0.0546875 0.040625
0 0.2796875 0.43125 0.0375 0.034375
0 0.27265625 0.284375 0.0359375 0.034375
0 0.46640625 0.3046875 0.0515625 0.05
0 0.3765625 0.50390625 0.03125 0.0296875
0 0.45703125 0.5203125 0.0359375 0.034375
0 0.96484375 0.24140625 0.0703125 0.0828125
0 0.940625 0.915625 0.06875 0.065625
0 0.98515625 0.86171875 0.0296875 0.0359375
0 0.9125 0.05234375 0.046875 0.0484375
0 0.6765625 0.446875 0.034375 0.028125
0 0.5921875 0.20703125 0.05625 0.0578125
0 0.51015625 0.41484375 0.0328125 0.0328125
0 0.49765625 0.38046875 0.0359375 0.0359375
0 0.5203125 0.32578125 0.04375 0.0203125
0 0.6796875 0.32109375 0.04375 0.0265625
0 0.0875 0.53046875 0.028125 0.0578125