0 0.93984375 0.98046875 0.0546875 0.0390625
0 0.721875 0.56875 0.028125 0.04375
0 0.72890625 0.715625 0.0421875 0.028125
0 0.53359375 0.6953125 0.0421875 0.059375
0 0.625 0.49453125 0.034375 0.0265625
0 0.54375 0.478125 0.040625 0.03125
0 0.0265625 0.76015625 0.053125 0.1109375
0 0.05625 0.08203125 0.078125 0.0546875
0 0.01015625 0.1359375 0.0203125 0.046875
0 0.0859375 0.94921875 0.053125 0.0421875
0 0.32265625 0.5515625 0.0359375 0.028125
0 0.40625 0.79296875 0.084375 0.0296875
0 0.48984375 0.5859375 0.0359375 0.028125
0 0.50234375 0.61953125 0.0421875 0.0296875
0 0.4796875 0.67421875 0.04375 0.0203125
0 0.3203125 0.67890625 0.04375 0.0265625
0 0.915625 0.46796875 0.028125 0.0578125