0 0.98125 0.06484375 0.0375 0.0546875
0 0.5703125 0.28125 0.04375 0.028125
0 0.7171875 0.27421875 0.034375 0.0359375
0 0.696875 0.46953125 0.059375 0.0421875
0 0.49609375 0.3796875 0.0296875 0.03125
0 0.4796875 0.459375 0.03125 0.040625
0 0.759375 0.9671875 0.084375 0.065625
0 0.0828125 0.946875 0.065625 0.06875
0 0.13671875 0.98828125 0.0359375 0.0234375
0 0.95078125 0.91875 0.0484375 0.046875
0 0.553125 0.68125 0.028125 0.034375
0 0.79453125 0.596875 0.0578125 0.05625
0 0.58671875 0.51328125 0.0328125 0.0328125
0 0.62109375 0.50078125 0.0359375 0.0359375
0 0.67578125 0.5234375 0.0203125 0.04375
0 0.68046875 0.684375 0.0265625 0.04375
0 0.46953125 0.0890625 0.0421875 0.04375