0 0.80234375 0.459375 0.0890625 0.0875
0 0.11015625 0.8640625 0.0421875 0.04375
0 0.95078125 0.8421875 0.0359375 0.034375
0 0.859375 0.7390625 0.0625 0.059375
0 0.43125 0.1859375 0.059375 0.0625
0 0.53828125 0.109375 0.0359375 0.034375
0 0.1078125 0.034375 0.0375 0.0375
0 0.3875 0.734375 0.046875 0.046875
0 0.3234375 0.5484375 0.046875 0.040625
0 0.5046875 0.2734375 0.04375 0.04375
0 0.6484375 0.1140625 0.053125 0.053125
0 0.6953125 0.22421875 0.034375 0.0359375
0 0.515625 0.4125 0.034375 0.03125