0 0.459375 0.196875 0.08125 0.096875
0 0.8640625 0.88984375 0.040625 0.0453125
0 0.8421875 0.04921875 0.025 0.0453125
0 0.7390625 0.14140625 0.059375 0.0609375
0 0.18671875 0.56875 0.0734375 0.05
0 0.109375 0.46171875 0.028125 0.0421875
0 0.034375 0.8921875 0.025 0.05
0 0.734375 0.6125 0.059375 0.034375
0 0.5484375 0.67734375 0.040625 0.0453125
0 0.2734375 0.4953125 0.040625 0.046875
0 0.1140625 0.35234375 0.053125 0.0515625
0 0.22421875 0.3046875 0.0453125 0.025
0 0.41328125 0.484375 0.0328125 0.034375