0 0.803125 0.4578125 0.096875 0.08125
0 0.10703125 0.865625 0.0421875 0.04375
0 0.95234375 0.84375 0.0453125 0.025
0 0.8609375 0.73828125 0.059375 0.0609375
0 0.4296875 0.1828125 0.059375 0.0625
0 0.53671875 0.10625 0.0359375 0.034375
0 0.1046875 0.0296875 0.0375 0.0375
0 0.3859375 0.734375 0.034375 0.059375
0 0.321875 0.546875 0.04375 0.04375
0 0.503125 0.2703125 0.04375 0.04375
0 0.6484375 0.1109375 0.053125 0.053125
0 0.6953125 0.22109375 0.025 0.0453125
0 0.5140625 0.4109375 0.03125 0.034375