0 0.6 0.240625 0.078125 0.08125
0 0.7265625 0.21484375 0.05 0.0515625
0 0.909375 0.29453125 0.06875 0.0390625
0 0.76875 0.7625 0.096875 0.08125
0 0.73125 0.625 0.065625 0.0625
0 0.85 0.8046875 0.034375 0.09375
0 0.43046875 0.84296875 0.0453125 0.0453125
0 0.1546875 0.225 0.046875 0.046875
0 0.25234375 0.22421875 0.0328125 0.0328125
0 0.1546875 0.4078125 0.0375 0.03125
0 0.0140625 0.60703125 0.028125 0.0390625
0 0.9765625 0.009375 0.028125 0.01875
0 0.36640625 0.03515625 0.0296875 0.0296875
0 0.4015625 0.03828125 0.0375 0.0390625