0 0.76171875 0.5984375 0.0796875 0.078125
0 0.78671875 0.725 0.0515625 0.05
0 0.70703125 0.90625 0.0390625 0.06875
0 0.2421875 0.7671875 0.08125 0.096875
0 0.3796875 0.72890625 0.0625 0.0640625
0 0.2 0.846875 0.09375 0.034375
0 0.16328125 0.43046875 0.0453125 0.0453125
0 0.7765625 0.15625 0.046875 0.046875
0 0.77734375 0.25390625 0.0328125 0.0328125
0 0.5953125 0.15625 0.03125 0.0375
0 0.39765625 0.015625 0.0390625 0.03125
0 0.990625 0.9734375 0.01875 0.028125
0 0.96484375 0.36640625 0.0296875 0.0296875
0 0.96171875 0.4015625 0.0390625 0.0375