0 0.23828125 0.4015625 0.0796875 0.078125
0 0.21328125 0.275 0.0515625 0.05
0 0.29296875 0.09375 0.0546875 0.053125
0 0.7578125 0.2328125 0.08125 0.096875
0 0.6203125 0.27109375 0.0625 0.0640625
0 0.8 0.153125 0.065625 0.065625
0 0.83671875 0.56953125 0.0453125 0.0453125
0 0.2234375 0.84375 0.065625 0.028125
0 0.22265625 0.74609375 0.0328125 0.0328125
0 0.4046875 0.84375 0.03125 0.0375
0 0.60234375 0.984375 0.0390625 0.03125
0 0.009375 0.0265625 0.01875 0.028125
0 0.03515625 0.63359375 0.0390625 0.0203125
0 0.03828125 0.5984375 0.0390625 0.0375