0 0.81328125 0.240625 0.0390625 0.0375
0 0.696875 0.459375 0.0375 0.025
0 0.575 0.40625 0.03125 0.028125
0 0.52890625 0.50703125 0.0328125 0.0328125
0 0.459375 0.265625 0.053125 0.05625
0 0.45390625 0.43828125 0.0421875 0.0421875
0 0.453125 0.021875 0.06875 0.04375
0 0.45078125 0.965625 0.0609375 0.040625
0 0.42109375 0.34453125 0.0390625 0.0296875
0 0.415625 0.6359375 0.046875 0.046875
0 0.35703125 0.421875 0.0546875 0.03125
0 0.2765625 0.62421875 0.03125 0.0296875
0 0.26328125 0.50625 0.0265625 0.025
0 0.23515625 0.24375 0.0421875 0.040625
0 0.1125 0.846875 0.040625 0.040625
0 0.0953125 0.92265625 0.034375 0.0328125