0 0.240625 0.18671875 0.040625 0.0359375
0 0.46015625 0.30390625 0.0234375 0.0359375
0 0.40625 0.425 0.028125 0.03125
0 0.50625 0.471875 0.040625 0.025
0 0.265625 0.54140625 0.046875 0.0609375
0 0.43828125 0.54609375 0.0328125 0.0515625
0 0.009375 0.546875 0.01875 0.11875
0 0.965625 0.54921875 0.040625 0.0609375
0 0.34453125 0.57890625 0.0296875 0.0390625
0 0.6359375 0.584375 0.021875 0.071875
0 0.42265625 0.64296875 0.0328125 0.0546875
0 0.62421875 0.72421875 0.0265625 0.0359375
0 0.50625 0.73671875 0.015625 0.0359375
0 0.24375 0.76484375 0.04375 0.0390625
0 0.846875 0.8875 0.040625 0.040625
0 0.92265625 0.9046875 0.0296875 0.0375