0 0.18359375 0.7578125 0.0359375 0.040625
0 0.30078125 0.53671875 0.0359375 0.0234375
0 0.4234375 0.5921875 0.03125 0.028125
0 0.4703125 0.490625 0.025 0.040625
0 0.53984375 0.7328125 0.0609375 0.046875
0 0.54453125 0.55859375 0.0515625 0.0328125
0 0.5453125 0.990625 0.11875 0.01875
0 0.54765625 0.028125 0.0609375 0.040625
0 0.57890625 0.65390625 0.0390625 0.0296875
0 0.584375 0.3609375 0.071875 0.021875
0 0.64296875 0.57578125 0.0546875 0.0328125
0 0.72421875 0.37265625 0.0359375 0.0265625
0 0.73671875 0.490625 0.0359375 0.015625
0 0.76484375 0.7546875 0.0390625 0.04375
0 0.8890625 0.1484375 0.040625 0.040625
0 0.90625 0.07265625 0.0375 0.0296875