0 0.18515625 0.7609375 0.0390625 0.0375
0 0.3015625 0.540625 0.0375 0.025
0 0.425 0.5953125 0.03125 0.028125
0 0.47109375 0.49296875 0.0328125 0.0328125
0 0.540625 0.7359375 0.053125 0.05625
0 0.54609375 0.56171875 0.0421875 0.0421875
0 0.546875 0.9796875 0.06875 0.040625
0 0.54921875 0.03125 0.0609375 0.040625
0 0.58046875 0.65703125 0.0390625 0.0296875
0 0.5859375 0.3640625 0.046875 0.046875
0 0.64453125 0.5796875 0.0546875 0.03125
0 0.725 0.37578125 0.03125 0.0296875
0 0.73828125 0.49375 0.0265625 0.025
0 0.76640625 0.7578125 0.0421875 0.040625
0 0.890625 0.1515625 0.040625 0.040625
0 0.9078125 0.07578125 0.034375 0.0328125