0 0.69921875 0.58828125 0.0546875 0.0546875
0 0.534375 0.71484375 0.03125 0.0453125
0 0.4953125 0.3921875 0.046875 0.025
0 0.26484375 0.690625 0.0484375 0.05
0 0.25 0.609375 0.034375 0.04375
0 0.28359375 0.55390625 0.0390625 0.0390625
0 0.35859375 0.51953125 0.0390625 0.0265625
0 0.36640625 0.53671875 0.0328125 0.0328125
0 0.0890625 0.6015625 0.034375 0.034375
0 0.50234375 0.93671875 0.0359375 0.0359375
0 0.58828125 0.8390625 0.0359375 0.028125
0 0.43515625 0.821875 0.0265625 0.025
0 0.846875 0.990625 0.046875 0.01875
0 0.665625 0.3296875 0.03125 0.015625
0 0.51484375 0.0921875 0.0453125 0.046875
0 0.61953125 0.07578125 0.0265625 0.0265625
0 0.46484375 0.33125 0.0359375 0.0375
0 0.315625 0.834375 0.04375 0.04375
0 0.765625 0.5078125 0.046875 0.046875
0 0.090625 0.2078125 0.05 0.05
0 0.8921875 0.3484375 0.03125 0.028125