0 0.303125 0.41484375 0.05625 0.0515625
0 0.465625 0.28828125 0.03125 0.0453125
0 0.5046875 0.60859375 0.046875 0.0234375
0 0.73359375 0.3125 0.0515625 0.046875
0 0.74921875 0.39375 0.0359375 0.04375
0 0.715625 0.44765625 0.040625 0.0390625
0 0.64140625 0.48203125 0.0390625 0.0265625
0 0.63359375 0.4640625 0.0359375 0.028125
0 0.909375 0.4015625 0.046875 0.021875
0 0.49765625 0.06796875 0.0390625 0.0328125
0 0.41328125 0.165625 0.0359375 0.028125
0 0.56484375 0.1828125 0.0328125 0.01875
0 0.15625 0.01171875 0.046875 0.0234375
0 0.3359375 0.671875 0.03125 0.015625
0 0.48515625 0.9078125 0.0453125 0.046875
0 0.38203125 0.9234375 0.0265625 0.028125
0 0.53515625 0.6703125 0.0359375 0.0375
0 0.684375 0.1703125 0.04375 0.04375
0 0.2359375 0.49375 0.053125 0.040625
0 0.9078125 0.7921875 0.05 0.05
0 0.1109375 0.653125 0.0375 0.021875