0 0.58515625 0.30234375 0.0546875 0.0546875
0 0.71171875 0.465625 0.0453125 0.03125
0 0.390625 0.5046875 0.025 0.046875
0 0.6875 0.73359375 0.05 0.0484375
0 0.60625 0.7484375 0.04375 0.034375
0 0.55234375 0.71484375 0.0390625 0.0390625
0 0.51796875 0.64140625 0.0265625 0.0390625
0 0.53515625 0.63359375 0.0328125 0.0328125
0 0.5984375 0.909375 0.034375 0.034375
0 0.93203125 0.49765625 0.0359375 0.0359375
0 0.834375 0.41328125 0.028125 0.0359375
0 0.8171875 0.56484375 0.025 0.0265625
0 0.98828125 0.15625 0.0234375 0.046875
0 0.328125 0.3359375 0.015625 0.03125
0 0.0921875 0.48515625 0.046875 0.0453125
0 0.07578125 0.38203125 0.0265625 0.0265625
0 0.3296875 0.53515625 0.0375 0.0359375
0 0.8296875 0.684375 0.04375 0.04375
0 0.50625 0.2359375 0.046875 0.046875
0 0.2078125 0.9078125 0.05 0.05
0 0.346875 0.1109375 0.028125 0.03125