0 0.56875 0.2171875 0.078125 0.078125
0 0.6171875 0.36484375 0.05625 0.0546875
0 0.5671875 0.584375 0.096875 0.09375
0 0.409375 0.8765625 0.053125 0.053125
0 0.05703125 0.65 0.0546875 0.05625
0 0.89140625 0.9828125 0.0515625 0.034375
0 0.90625 0.15546875 0.078125 0.0546875
0 0.35 0.35703125 0.034375 0.0328125
0 0.3 0.2234375 0.01875 0.03125
0 0.33828125 0.22734375 0.0359375 0.0359375
0 0.30390625 0.26796875 0.0296875 0.0296875
0 0.653125 0.70625 0.040625 0.046875
0 0.9140625 0.875 0.0375 0.04375