0 0.7859375 0.565625 0.078125 0.078125
0 0.63828125 0.6140625 0.0546875 0.05625
0 0.41875 0.5640625 0.09375 0.096875
0 0.1265625 0.40625 0.053125 0.053125
0 0.353125 0.05390625 0.05625 0.0546875
0 0.01796875 0.88828125 0.0359375 0.0515625
0 0.84765625 0.903125 0.0546875 0.078125
0 0.64609375 0.346875 0.0328125 0.034375
0 0.778125 0.296875 0.03125 0.01875
0 0.77421875 0.33515625 0.0359375 0.0359375
0 0.73359375 0.30078125 0.0296875 0.0296875
0 0.2953125 0.65 0.046875 0.040625
0 0.128125 0.9109375 0.04375 0.0375