0 0.565625 0.21796875 0.078125 0.0765625
0 0.6125 0.36484375 0.05 0.0609375
0 0.5625 0.5828125 0.096875 0.09375
0 0.40625 0.8734375 0.053125 0.053125
0 0.05703125 0.6484375 0.0515625 0.059375
0 0.8859375 0.98984375 0.084375 0.0203125
0 0.89921875 0.15703125 0.0671875 0.0671875
0 0.346875 0.35703125 0.034375 0.0328125
0 0.2984375 0.225 0.01875 0.03125
0 0.33515625 0.22890625 0.0359375 0.0359375
0 0.30234375 0.26953125 0.0296875 0.0296875
0 0.6484375 0.7046875 0.04375 0.04375
0 0.9078125 0.871875 0.0375 0.04375