0 0.21796875 0.434375 0.0765625 0.078125
0 0.36484375 0.3875 0.0609375 0.05
0 0.5828125 0.4375 0.09375 0.096875
0 0.8734375 0.59375 0.053125 0.053125
0 0.6484375 0.94296875 0.059375 0.0515625
0 0.98984375 0.1140625 0.0203125 0.084375
0 0.15703125 0.10078125 0.0671875 0.0671875
0 0.35703125 0.653125 0.0328125 0.034375
0 0.225 0.7015625 0.03125 0.01875
0 0.22890625 0.66484375 0.0359375 0.0359375
0 0.26953125 0.69765625 0.0296875 0.0296875
0 0.7046875 0.3515625 0.04375 0.04375
0 0.871875 0.0921875 0.04375 0.0375