0 0.565625 0.21796875 0.078125 0.0765625
0 0.6125 0.36484375 0.05 0.0609375
0 0.5625 0.5828125 0.125 0.065625
0 0.40625 0.8734375 0.05 0.05625
0 0.05703125 0.64921875 0.0515625 0.0609375
0 0.8859375 0.98984375 0.084375 0.0203125
0 0.9 0.15703125 0.078125 0.0546875
0 0.346875 0.35703125 0.03125 0.0359375
0 0.2984375 0.225 0.01875 0.03125
0 0.33515625 0.22890625 0.0453125 0.0265625
0 0.30234375 0.2703125 0.0265625 0.03125
0 0.6484375 0.7046875 0.040625 0.046875
0 0.9078125 0.87265625 0.0375 0.0453125